24648 6713.218055500 128 127 127 128 127 128 128 127 127 128 127 127 128 127 128 126 128 128 127 128 127 128 127 128 127 
24649 6713.231943000 128 128 127 128 129 127 127 128 128 128 126 128 127 127 128 127 128 127 127 128 128 127 128 127 128 
24650 6713.245830500 127 127 127 128 127 128 128 127 128 128 127 128 127 127 128 127 128 127 128 128 127 127 128 127 128 
24651 6713.259718000 127 128 128 127 128 127 127 128 127 128 127 127 127 127 129 127 128 127 127 127 128 127 127 127 127 
24652 6713.273605500 128 127 127 127 128 127 127 127 127 127 128 127 127 127 127 128 127 128 127 128 128 128 127 128 127 
24653 6713.287493000 128 128 127 128 128 127 127 128 127 128 127 128 127 127 127 128 128 126 127 127 128 127 127 127 127 
24654 6713.301380500 127 127 128 127 128 127 127 128 127 127 128 128 127 128 127 127 128 127 127 128 128 127 128 127 127 
24655 6713.315268000 128 127 128 128 126 128 127 128 127 127 128 128 128 127 127 128 127 128 127 128 128 127 128 127 127 
24656 6713.329155500 127 128 127 128 128 127 127 127 127 127 127 128 128 128 128 126 127 127 127 128 127 127 128 127 128 
24657 6713.343043000 127 127 127 128 127 127 128 127 128 127 127 128 127 128 127 127 128 127 128 128 127 128 128 127 128 
24658 6713.356930500 127 127 128 127 128 127 127 128 128 127 128 127 128 128 128 127 127 127 127 129 127 128 127 128 127 
24659 6713.370818000 127 128 127 128 127 127 128 127 127 128 127 127 126 128 127 127 128 127 128 127 128 127 127 128 127 
24660 6713.384705500 127 128 126 128 128 128 127 128 127 128 127 128 127 127 127 128 128 127 127 128 127 128 127 127 128 
24661 6713.398593000 127 128 127 127 127 128 127 127 127 127 128 127 127 127 127 128 128 127 127 128 127 126 127 128 127 
24662 6713.412480500 128 127 128 128 127 127 128 127 127 127 127 127 128 127 127 128 127 128 127 128 127 128 128 127 128 
24663 6713.426368000 127 127 129 127 128 127 128 127 128 127 128 127 128 127 127 127 127 128 126 128 126 128 128 127 128 
24664 6713.440255500 127 127 127 127 127 127 128 127 128 128 127 128 127 128 127 127 128 126 128 127 128 128 127 128 127 
24665 6713.454143000 127 128 127 128 127 127 127 127 128 127 127 128 127 127 128 127 128 127 127 128 127 127 127 127 128 
24666 6713.468030500 127 128 127 127 128 128 127 127 127 127 128 127 127 128 128 127 127 126 127 127 128 128 127 128 127 
24667 6713.481918000 128 128 127 127 127 128 127 128 127 128 128 127 128 127 127 128 127 127 128 127 128 127 127 127 127 
24668 6713.495805500 128 127 127 126 127 128 127 127 128 127 128 127 128 127 128 128 127 127 128 127 128 127 127 128 127 
24669 6713.509693000 127 127 128 127 127 128 127 128 127 128 127 128 128 127 127 127 127 128 127 128 127 127 128 127 128 
24670 6713.523580500 127 128 127 128 127 127 128 128 127 128 127 128 127 127 128 127 128 127 127 127 127 128 127 127 128 
24671 6713.537468000 127 127 128 127 128 128 128 127 127 128 127 128 127 128 128 127 127 127 128 127 128 128 127 127 127 
24672 6713.551355500 128 126 127 128 128 128 126 128 127 127 127 127 127 128 127 127 127 127 128 127 128 127 128 127 128 
24673 6713.565243000 127 128 127 127 128 127 128 128 127 127 128 127 128 127 127 128 127 128 127 129 127 128 127 128 127 
24674 6713.579130500 127 128 127 127 128 127 128 127 128 127 128 127 128 127 127 128 127 127 128 127 127 127 128 127 128 
24675 6713.593018000 128 127 128 127 128 128 127 128 127 128 127 128 127 128 128 128 128 127 128 127 128 128 127 127 128 
24676 6713.606905500 127 128 127 127 128 127 127 127 127 128 127 127 127 126 127 127 127 128 127 128 127 127 127 128 128 
24677 6713.620793000 128 127 128 127 128 128 127 128 128 127 128 127 128 128 127 128 126 128 128 128 127 127 128 127 128 
24678 6713.634680500 127 128 128 127 128 128 127 127 128 127 128 127 127 128 127 128 127 127 128 128 127 127 127 128 127 
24679 6713.648568000 128 127 128 128 127 128 128 127 128 127 128 127 127 129 127 127 127 127 128 128 127 128 127 127 127 
24680 6713.662455500 127 128 127 127 128 128 127 127 128 127 127 128 126 128 127 127 128 127 128 127 127 128 127 128 127 
24681 6713.676343000 127 128 127 127 128 127 128 128 127 128 127 128 127 127 127 127 128 127 128 127 128 127 128 127 127 
24682 6713.690230500 128 127 128 127 127 127 127 127 127 128 127 128 128 127 128 127 127 128 127 128 127 127 128 127 128 
24683 6713.704118000 127 129 127 127 128 127 127 128 127 127 127 128 128 127 128 127 128 128 127 127 128 128 128 128 127 
24684 6713.718005500 128 127 128 127 127 127 128 127 128 127 128 127 128 127 128 126 128 127 128 128 127 127 126 128 127 
24685 6713.731893000 127 127 127 128 127 126 128 128 128 127 127 128 127 127 128 128 127 128 127 128 127 127 127 128 127 
24686 6713.745780500 127 127 127 128 127 127 128 127 128 127 128 127 128 127 128 127 127 127 128 127 127 128 127 128 127 
24687 6713.759668000 128 127 127 127 128 127 127 128 127 128 128 127 127 127 128 127 127 128 127 128 127 127 128 127 128 
24688 6713.773555500 127 128 127 128 127 127 128 127 128 127 127 128 127 127 127 128 127 127 128 128 128 128 127 127 128 
24689 6713.787443000 127 127 128 127 127 128 128 127 128 127 128 127 127 128 127 128 128 127 127 127 128 128 128 127 128 
24690 6713.801330500 127 128 127 127 128 128 127 128 127 127 128 127 128 128 127 127 128 126 128 127 128 127 127 127 127 
24691 6713.815218000 128 127 128 128 127 127 128 127 128 127 127 127 127 127 127 128 127 128 127 127 127 127 127 127 127 
24692 6713.829105500 128 127 128 127 127 128 128 128 127 127 127 127 128 128 127 127 127 128 127 127 127 128 127 127 128 
24693 6713.842993000 128 127 128 128 128 127 127 127 128 127 128 127 128 127 128 127 127 128 128 127 128 127 127 128 128 
24694 6713.856880500 128 127 128 127 127 127 128 127 127 127 127 127 128 128 127 128 127 127 127 127 127 128 128 128 127 
24695 6713.870768000 128 127 127 128 127 127 127 128 127 128 127 127 127 127 128 127 127 128 127 128 127 128 127 128 128 
24696 6713.884655500 127 127 128 128 127 127 128 128 127 128 127 127 128 127 127 128 127 127 127 127 128 128 127 128 127 
24697 6713.898543000 127 127 127 128 127 128 128 127 128 127 127 128 127 127 128 127 127 128 127 127 128 127 128 128 127 
24698 6713.912430500 128 127 128 127 128 128 128 127 128 128 127 128 128 128 127 127 128 127 128 133 137 113 118 143 129 
24699 6713.926318000 111 131 142 119 116 140 135 112 125 143 125 111 136 140 114 119 143 130 111 131 143 120 115 140 136 
24700 6713.940205500 111 125 143 124 112 135 140 114 119 143 130 111 131 142 120 115 139 136 112 125 143 125 112 136 140 
24701 6713.954093000 114 119 143 130 111 130 143 118 116 140 136 112 124 144 125 112 135 140 115 119 143 129 112 130 143 
24702 6713.967980500 119 115 139 136 112 124 143 125 112 136 140 114 119 143 130 110 131 143 119 115 140 135 112 125 144 
24703 6713.981868000 125 112 135 140 114 119 143 130 111 131 142 119 116 139 136 112 124 144 125 112 135 140 115 119 142 
24704 6713.995755500 131 111 131 143 119 115 141 135 113 124 144 125 111 136 140 115 120 142 130 112 130 143 119 115 139 
24705 6714.009643000 136 112 125 143 125 112 135 140 115 118 143 131 111 130 144 119 114 140 136 113 124 144 125 111 136 
24706 6714.023530500 140 116 120 143 130 111 131 142 120 114 140 136 112 125 143 125 112 135 141 116 118 143 131 110 130 
24707 6714.037418000 143 120 115 139 136 113 123 144 125 112 136 140 115 120 142 131 111 130 143 119 114 140 136 113 124 
24708 6714.051305500 143 125 112 135 140 114 119 142 131 111 130 144 119 115 139 137 112 124 144 124 112 135 141 116 118 
24709 6714.065193000 144 131 111 130 142 119 115 139 136 112 124 144 126 111 135 141 114 119 143 131 112 129 144 119 115 
24710 6714.079080500 139 137 112 124 144 124 112 135 140 117 119 143 131 111 129 143 120 114 140 135 112 124 144 126 112 
24711 6714.092968000 136 140 115 119 142 131 112 129 144 119 115 139 136 113 124 144 125 112 135 141 117 118 143 130 112 
24712 6714.106855500 129 143 120 115 140 136 113 124 144 126 111 136 140 115 118 142 131 111 130 143 120 114 140 137 112 
24713 6714.120743000 124 144 125 111 136 140 115 119 142 131 111 130 143 120 114 139 136 113 124 143 126 112 135 140 115 
24714 6714.134630500 118 143 132 111 130 144 120 114 139 136 113 124 144 126 111 135 140 116 119 142 131 110 129 142 120 
24715 6714.148518000 115 139 136 113 123 144 126 111 135 141 115 119 142 132 112 129 143 121 114 140 137 112 124 143 126 
24716 6714.162405500 111 136 140 117 119 142 131 111 129 143 120 115 139 137 112 123 144 126 111 135 140 116 117 143 131 
24717 6714.176293000 111 130 144 120 115 139 136 113 123 144 126 112 134 141 116 118 143 131 111 129 143 120 114 139 136 
24718 6714.190180500 113 123 145 126 112 134 141 116 118 142 131 111 129 144 120 113 139 137 112 123 144 126 111 135 140 
24719 6714.204068000 117 118 143 131 112 129 143 120 113 140 136 113 123 144 127 111 134 141 114 118 143 131 112 129 144 
24720 6714.217955500 121 114 140 137 113 124 143 126 112 134 140 117 118 142 132 111 129 143 120 114 139 137 112 123 144 
24721 6714.231843000 126 112 134 141 115 117 142 132 111 129 143 120 114 139 137 112 123 144 125 112 134 140 117 118 142 
24722 6714.245730500 131 110 129 143 121 115 138 137 114 123 144 127 111 135 141 115 118 142 133 111 127 144 120 113 139 
24723 6714.259618000 137 113 123 143 125 112 134 141 117 118 142 132 110 129 142 121 113 138 138 114 122 144 126 111 135 
24724 6714.273505500 141 115 118 142 133 111 128 144 120 115 139 138 112 123 144 126 112 134 141 117 117 143 131 112 128 
24725 6714.287393000 143 121 113 139 138 112 123 144 126 112 133 141 116 117 143 132 111 129 144 121 113 139 136 113 122 
24726 6714.301280500 144 127 111 135 141 116 119 142 132 112 128 144 120 114 139 137 113 123 143 127 111 134 142 115 118 
24727 6714.315168000 142 133 112 128 144 120 114 139 137 112 123 144 126 111 134 141 117 117 142 131 111 128 143 121 114 
24728 6714.329055500 139 137 113 124 143 127 111 134 141 116 117 142 133 112 129 143 121 114 138 138 113 122 143 126 111 
24729 6714.342943000 134 142 116 118 142 132 111 127 143 121 114 139 137 113 122 144 128 111 134 141 117 117 142 132 111 
24730 6714.356830500 128 144 121 113 139 139 112 122 144 127 112 133 142 116 118 142 133 111 129 143 122 113 139 137 113 
24731 6714.370718000 123 143 127 112 134 141 116 117 141 134 112 127 144 122 113 139 137 112 122 145 126 112 133 142 116 
24732 6714.384605500 118 141 133 111 128 143 121 114 138 137 113 122 144 128 111 134 141 116 116 142 133 111 128 144 121 
24733 6714.398493000 114 139 137 113 122 143 127 111 133 141 117 117 141 133 111 128 143 121 113 138 139 112 123 143 127 
24734 6714.412380500 111 134 141 116 118 142 133 112 128 143 122 113 139 138 113 122 144 127 112 133 141 117 117 141 132 
24735 6714.426268000 111 128 143 122 114 138 139 112 122 144 127 111 133 141 116 116 141 134 111 128 143 122 114 138 138 
24736 6714.440155500 112 122 143 127 111 133 142 117 117 143 132 111 128 143 122 113 139 137 113 123 143 127 111 132 142 
24737 6714.454043000 116 117 142 134 111 128 145 121 113 139 137 114 121 144 127 111 134 141 117 117 141 133 112 127 144 
24738 6714.467930500 121 114 138 138 113 122 144 128 112 133 142 116 116 142 133 111 128 143 122 112 138 138 112 122 143 
24739 6714.481818000 127 112 134 142 117 117 142 131 112 127 143 122 113 138 138 113 122 143 127 111 133 142 116 117 141 
24740 6714.495705500 134 111 127 144 123 113 138 138 113 123 143 127 112 133 142 117 117 142 132 112 127 143 122 113 138 
24741 6714.509593000 138 114 121 144 127 111 133 142 117 116 142 134 112 127 143 122 113 138 139 113 122 143 128 111 133 
24742 6714.523480500 142 117 118 141 132 112 127 144 122 113 139 138 113 122 143 128 112 132 142 117 116 142 134 111 128 
24743 6714.537368000 143 122 114 138 137 114 122 143 128 111 132 142 116 116 142 132 112 126 144 121 114 138 138 114 121 
24744 6714.551255500 144 128 111 132 142 118 116 142 134 111 128 144 122 114 137 138 113 121 144 127 111 133 141 118 116 
24745 6714.565143000 142 132 111 128 143 122 113 138 138 114 121 143 128 111 132 143 116 117 141 134 112 126 145 122 113 
24746 6714.579030500 138 139 113 121 144 128 111 133 141 118 116 141 133 111 127 143 122 114 137 138 114 121 144 128 111 
24747 6714.592918000 133 141 118 116 140 135 111 126 144 122 112 138 139 113 121 143 128 111 132 142 117 117 141 133 111 
24748 6714.606805500 127 143 123 113 137 139 113 121 143 129 111 132 143 117 116 141 134 112 126 144 122 113 137 138 113 
24749 6714.620693000 121 143 128 111 133 141 118 116 141 133 111 126 144 123 112 137 139 114 122 143 129 111 132 142 117 
24750 6714.634580500 117 141 135 112 126 144 123 112 138 138 113 121 144 128 111 132 141 118 116 142 133 112 126 144 123 
24751 6714.648468000 113 137 139 114 121 144 129 111 133 142 118 116 141 136 112 126 145 122 113 137 139 115 121 143 129 
24752 6714.662355500 111 132 142 118 117 141 133 112 126 144 123 113 138 139 113 121 144 128 111 132 142 117 116 140 135 
24753 6714.676243000 112 125 144 122 112 138 138 114 121 143 129 111 132 142 118 116 141 134 111 127 143 124 112 137 138 
24754 6714.690130500 114 121 143 129 111 132 143 117 115 141 134 112 125 144 122 113 138 138 114 121 144 129 111 132 142 
24755 6714.704018000 118 116 141 133 112 127 143 123 112 138 139 114 120 143 129 111 132 143 118 116 141 135 112 125 145 
24756 6714.717905500 123 113 138 138 114 120 143 129 110 132 143 118 115 141 134 111 127 144 123 113 136 139 113 121 143 
24757 6714.731793000 129 112 132 142 118 116 142 135 112 126 144 123 112 137 140 114 121 143 129 111 132 143 118 116 141 
24758 6714.745680500 134 112 126 144 123 113 137 139 114 121 143 130 110 132 142 118 116 140 135 112 125 144 122 113 136 
24759 6714.759568000 139 114 120 143 130 111 132 142 118 116 141 133 112 127 143 124 112 138 139 114 121 142 130 111 131 
24760 6714.773455500 143 118 116 140 135 112 125 144 123 112 137 139 114 121 143 129 111 131 142 119 115 141 134 111 126 
24761 6714.787343000 144 123 113 136 140 114 120 144 129 111 131 143 118 115 141 136 112 126 144 124 112 137 139 115 120 
24762 6714.801230500 144 129 111 131 143 118 116 141 133 112 126 144 123 112 137 138 115 120 143 129 112 131 142 119 115 
24763 6714.815118000 141 135 112 125 144 124 112 137 139 115 120 143 130 111 131 143 119 116 141 134 112 126 144 124 113 
24764 6714.829005500 136 139 114 120 143 130 111 131 142 119 115 140 135 111 125 143 124 112 136 140 114 120 143 130 111 
24765 6714.842893000 132 142 119 115 141 135 112 126 144 124 113 136 140 114 120 144 129 111 131 142 118 115 140 136 111 
24766 6714.856780500 125 144 124 113 136 139 114 120 143 130 111 131 143 118 116 140 135 112 125 143 124 111 136 140 114 
24767 6714.870668000 120 144 129 111 132 142 119 115 140 136 112 124 144 123 113 136 140 115 119 143 130 110 132 142 119 
24768 6714.884555500 115 141 135 111 126 144 124 113 136 140 113 120 143 130 111 131 142 119 115 140 136 112 125 143 124 
24769 6714.898443000 112 136 139 115 120 142 130 112 131 143 119 115 140 134 111 126 143 124 112 136 140 114 119 143 130 
24770 6714.912330500 112 130 143 118 115 140 136 112 124 143 124 112 136 140 115 119 144 130 111 131 142 120 115 140 134 
24771 6714.926218000 112 125 144 124 112 136 140 115 120 143 130 111 131 142 119 115 140 136 111 125 143 125 113 136 140 
24772 6714.940105500 114 119 143 130 112 130 143 119 115 140 135 112 126 143 124 112 135 140 115 120 142 130 110 131 142 
24773 6714.953993000 119 116 140 137 111 125 144 124 112 136 141 114 120 142 130 111 130 142 120 115 140 135 112 126 143 
24774 6714.967880500 124 112 136 140 115 120 143 130 111 130 143 119 114 140 136 113 123 144 124 112 136 140 115 119 143 
24775 6714.981768000 130 112 130 143 119 116 140 135 112 126 143 125 113 135 140 115 119 143 130 112 131 143 119 114 140 
24776 6714.995655500 136 112 124 144 124 112 136 139 115 119 143 130 111 131 143 119 115 140 134 112 125 144 124 112 136 
24777 6715.009543000 141 114 120 143 130 112 130 143 119 114 140 137 112 123 144 125 112 136 140 115 120 142 131 111 131 
24778 6715.023430500 142 120 115 140 136 112 125 143 124 112 136 140 115 118 143 130 111 131 143 120 115 140 136 113 124 
24779 6715.037318000 144 124 112 135 140 115 119 143 130 111 131 143 120 114 140 135 112 125 144 125 112 136 140 116 119 
24780 6715.051205500 143 130 111 130 143 119 115 140 138 112 124 143 125 113 135 141 114 119 142 131 111 131 143 119 115 
24781 6715.065093000 139 135 113 124 144 125 111 136 139 115 120 142 130 112 129 143 119 114 140 138 113 123 144 124 111 
24782 6715.078980500 136 140 116 119 142 130 111 130 143 120 114 140 135 112 125 144 125 112 135 140 115 120 142 132 110 
24783 6715.092868000 130 143 120 114 139 137 112 123 144 125 111 136 140 115 119 142 131 111 130 143 119 115 139 136 112 
24784 6715.106755500 125 143 125 112 135 140 115 119 143 130 111 129 143 119 115 139 138 112 123 144 125 111 136 140 116 
24785 6715.120643000 119 142 131 111 130 143 121 114 140 135 113 125 144 125 111 135 140 115 119 142 131 111 130 143 119 
24786 6715.134530500 115 139 137 113 123 143 125 112 135 141 115 119 142 131 111 129 143 120 115 139 136 112 124 143 126 
24787 6715.148418000 111 135 140 115 118 142 131 111 129 142 120 113 139 136 112 122 144 125 111 135 140 115 119 142 131 
24788 6715.162305500 112 129 143 120 114 139 137 112 125 143 126 111 135 142 115 119 143 131 112 129 143 120 114 140 137 
24789 6715.176193000 113 123 144 125 112 136 140 116 118 142 131 112 129 143 121 114 138 136 112 124 144 125 112 135 141 
24790 6715.190080500 115 119 143 132 111 129 143 120 115 139 137 113 123 143 126 112 135 141 116 118 143 131 111 129 143 
24791 6715.203968000 121 114 139 137 112 125 144 125 112 135 140 116 117 143 131 110 129 143 120 114 139 136 113 122 143 
24792 6715.217855500 127 111 135 141 115 118 142 132 112 129 143 120 114 140 137 112 125 143 126 112 135 140 116 118 142 
24793 6715.231743000 132 111 129 144 121 114 139 137 113 122 144 125 112 134 140 116 118 143 131 111 130 143 121 114 139 
24794 6715.245630500 136 113 124 143 126 112 135 141 116 118 142 131 111 129 143 120 113 140 137 112 123 144 126 111 135 
24795 6715.259518000 141 116 118 142 132 111 129 144 120 114 138 136 113 123 144 126 112 134 141 116 118 142 132 111 129 
24796 6715.273405500 143 121 114 139 139 113 122 144 125 112 135 141 117 117 142 131 111 129 143 121 114 139 137 113 124 
24797 6715.287293000 143 127 112 133 142 115 118 142 132 111 129 143 121 113 140 137 113 121 143 126 111 135 140 117 117 
24798 6715.301180500 143 131 112 128 143 121 113 139 137 113 124 143 127 112 134 141 117 117 143 132 112 128 144 120 114 
24799 6715.315068000 139 137 113 122 143 127 112 135 140 115 118 142 132 111 129 143 122 113 139 137 113 123 144 126 112 
24800 6715.328955500 134 141 115 118 142 132 112 128 144 121 114 139 137 113 121 144 126 111 134 141 116 117 142 133 111 
24801 6715.342843000 129 143 121 114 138 138 113 123 144 126 112 134 141 116 117 142 132 111 128 144 120 114 139 137 113 
24802 6715.356730500 122 144 126 112 134 141 117 118 142 133 111 128 143 121 114 138 138 114 123 144 126 112 134 141 117 
24803 6715.370618000 117 142 132 111 128 143 121 114 139 137 113 122 144 127 111 134 142 116 117 142 133 111 129 143 121 
24804 6715.384505500 114 138 137 114 123 144 127 111 133 141 117 117 142 132 112 128 144 122 113 139 137 113 122 143 126 
24805 6715.398393000 112 134 141 117 117 142 133 111 128 143 121 113 138 137 113 123 143 127 111 134 142 116 118 142 133 
24806 6715.412280500 111 128 143 122 112 139 138 113 122 144 126 111 134 141 117 118 141 133 111 128 143 122 113 138 138 
24807 6715.426168000 113 124 143 127 111 133 142 116 117 142 132 112 127 144 120 113 139 137 113 121 144 126 111 134 141 
24808 6715.440055500 116 118 141 133 111 127 144 122 113 139 137 114 123 144 127 111 134 141 117 116 142 132 112 127 143 
24809 6715.453943000 121 113 139 138 113 122 143 127 112 132 142 116 117 141 133 112 127 144 121 114 137 138 113 122 144 
24810 6715.467830500 127 111 134 141 118 117 142 133 111 128 143 121 113 138 138 113 122 143 128 111 134 142 116 118 142 
24811 6715.481718000 133 111 127 144 122 113 137 137 113 122 144 127 112 133 141 116 117 142 133 112 127 144 121 113 138 
24812 6715.495605500 139 113 122 143 128 111 133 142 116 117 142 133 111 127 144 122 114 138 138 113 123 144 128 111 133 
24813 6715.509493000 141 117 117 141 133 111 128 143 122 112 138 138 113 121 144 127 112 133 142 116 117 142 133 111 128 
24814 6715.523380500 144 123 113 139 138 114 122 144 128 111 132 142 117 117 141 133 111 127 144 121 114 138 138 114 121 
24815 6715.537268000 144 127 112 133 142 116 116 141 134 111 127 144 122 114 137 138 113 121 144 127 111 133 142 118 116 
24816 6715.551155500 142 133 112 127 144 122 112 138 139 113 121 143 127 111 134 141 118 117 141 134 111 127 143 122 113 
24817 6715.565043000 137 138 114 122 143 128 111 133 142 117 117 141 134 112 127 143 122 112 138 137 114 121 144 127 112 
24818 6715.578930500 133 141 117 116 141 134 111 127 143 123 114 138 138 114 122 143 128 111 132 142 117 116 141 134 112 
24819 6715.592818000 126 143 122 112 138 138 113 121 143 128 111 132 142 117 117 141 134 111 126 144 122 114 137 139 114 
24820 6715.606705500 121 144 128 111 133 142 118 116 142 133 111 127 143 123 113 138 139 113 121 144 128 111 132 142 117 
24821 6715.620593000 116 141 133 112 127 143 123 113 137 139 113 122 143 128 111 132 142 117 116 141 133 112 127 143 122 
24822 6715.634480500 112 138 138 114 120 144 129 111 132 143 117 117 141 134 111 126 144 123 112 138 138 114 121 143 129 
24823 6715.648368000 111 132 142 117 116 141 135 111 126 144 123 112 137 139 113 121 143 128 111 132 142 118 116 141 134 
24824 6715.662255500 112 126 144 123 113 137 139 115 121 143 129 111 132 143 117 116 142 133 112 126 144 122 112 138 139 
24825 6715.676143000 113 121 143 128 112 131 142 117 116 140 135 112 126 143 123 113 136 139 113 121 143 128 111 132 142 
24826 6715.690030500 117 117 141 135 111 126 144 123 112 139 139 115 120 143 128 111 133 142 118 116 141 134 111 127 144 
24827 6715.703918000 123 113 136 138 114 121 143 129 111 132 142 117 117 141 134 112 126 144 123 113 137 139 113 120 143 
24828 6715.717805500 128 111 132 142 118 115 141 135 111 127 143 124 112 137 139 114 121 143 128 112 132 142 118 117 141 
24829 6715.731693000 134 112 126 144 122 113 137 139 114 120 143 128 112 131 142 118 115 141 135 112 126 144 124 112 138 
24830 6715.745580500 139 114 121 143 129 111 132 143 117 116 141 135 112 126 144 122 113 137 139 115 120 144 128 112 131 
24831 6715.759468000 143 118 115 141 134 111 127 143 124 112 136 139 114 120 144 128 111 132 141 118 116 141 134 111 127 
24832 6715.773355500 143 122 112 120 123 125 125 125 126 125 126 126 126 127 126 127 127 127 126 127 127 127 128 127 128 
24833 6715.787243000 127 127 127 127 127 127 127 126 128 127 128 127 126 128 127 128 127 127 128 127 127 127 128 128 127 
24834 6715.801130500 128 127 128 127 127 128 127 127 128 127 127 128 127 128 128 127 128 127 128 128 127 128 127 128 126 
24835 6715.815018000 129 127 128 127 128 127 128 128 127 128 127 128 127 128 127 128 127 127 128 127 128 127 127 127 128 
24836 6715.828905500 126 128 128 128 127 128 127 128 127 128 127 128 128 127 128 128 127 127 128 127 127 128 128 127 128 
24837 6715.842793000 127 127 128 127 127 128 128 127 128 127 127 127 127 128 127 128 127 127 128 127 127 126 128 127 127 
24838 6715.856680500 128 127 127 127 128 127 127 128 127 128 127 127 128 127 128 127 127 127 127 128 127 128 127 127 128 
24839 6715.870568000 127 127 127 127 128 127 127 127 127 128 127 127 128 128 127 128 127 127 127 127 128 127 128 128 127 
24840 6715.884455500 128 126 128 127 127 127 128 127 128 127 128 128 127 128 127 128 128 127 128 127 128 127 128 127 128 
24841 6715.898343000 127 128 127 128 128 127 128 128 127 127 128 127 127 127 127 128 127 127 128 127 127 127 128 127 127 
24842 6715.912230500 127 127 127 127 127 127 128 127 128 128 127 128 128 128 127 127 127 127 128 127 128 127 128 127 127 
24843 6715.926118000 128 127 128 127 128 128 127 128 127 128 128 127 128 127 127 127 128 127 127 128 127 128 127 128 127 
24844 6715.940005500 128 128 127 127 128 127 128 127 127 127 128 128 127 128 127 127 127 127 128 128 127 128 128 127 128 
24845 6715.953893000 127 128 128 127 128 128 127 128 127 128 128 127 128 127 128 127 127 128 127 128 127 127 127 127 128 
24846 6715.967780500 128 127 128 127 128 127 127 128 127 127 128 127 127 129 127 128 128 127 128 127 128 127 128 127 127 
24847 6715.981668000 128 127 128 127 128 128 128 127 128 127 128 127 127 127 127 128 127 127 128 127 128 128 127 128 129 
24848 6715.995555500 127 127 128 127 128 127 127 128 127 127 128 127 128 127 127 128 127 127 128 128 128 127 128 127 127 
24849 6716.009443000 127 127 128 128 127 127 128 127 127 128 127 128 128 127 128 127 127 128 127 127 127 128 127 128 128 
24850 6716.023330500 127 128 128 127 127 128 127 127 127 128 128 127 128 128 127 128 127 128 127 127 128 127 128 127 128 
24851 6716.037218000 128 127 128 128 127 127 128 127 127 128 127 128 127 127 127 128 127 127 128 127 127 128 127 128 127 
24852 6716.051105500 128 128 127 127 127 128 127 128 127 128 127 128 128 127 128 127 127 128 127 128 127 127 127 127 128 
24853 6716.064993000 127 127 128 127 128 127 127 127 128 128 127 128 128 127 127 127 128 126 127 128 128 127 128 127 127 
24854 6716.078880500 128 127 128 127 128 127 128 128 127 127 128 126 128 127 127 128 127 128 127 128 127 127 127 127 128 
24855 6716.092768000 127 127 128 127 129 128 127 128 127 127 128 127 128 128 127 127 128 127 127 127 128 127 128 127 127 
24856 6716.106655500 128 127 128 127 128 128 127 127 128 127 128 127 128 127 128 127 127 127 128 127 128 127 128 127 127 
24857 6716.120543000 128 127 127 128 127 128 127 127 128 128 127 128 128 127 128 128 127 127 128 128 127 128 127 127 127 
24858 6716.134430500 127 128 127 127 128 127 127 128 127 127 127 127 128 127 127 128 127 128 128 127 128 127 127 128 127 
24859 6716.148318000 128 127 127 128 127 128 128 127 128 128 127 128 128 127 128 127 128 127 128 127 128 127 127 127 127 
24860 6716.162205500 127 128 127 127 128 127 128 127 128 128 127 128 127 127 127 127 128 127 127 128 127 127 128 127 128 
24861 6716.176093000 127 127 128 127 127 128 128 128 128 128 127 128 127 128 128 127 128 128 127 127 128 127 128 128 127 
24862 6716.189980500 128 127 127 127 128 127 128 127 128 127 127 127 127 128 127 128 127 127 128 128 127 127 128 127 127 
24863 6716.203868000 128 127 128 127 128 127 127 128 127 128 128 128 127 127 128 127 127 127 128 127 128 127 127 128 127 
24864 6716.217755500 127 127 127 127 127 127 128 127 128 127 128 127 128 127 127 128 127 127 128 127 127 128 127 128 127 
24865 6716.231643000 128 128 127 128 127 128 128 127 128 127 127 127 127 128 128 127 128 127 128 127 128 127 127 128 127 
24866 6716.245530500 128 128 127 127 127 128 127 128 128 127 128 127 128 127 127 127 127 128 127 127 127 128 127 128 127 
24867 6716.259418000 127 127 127 128 127 127 128 127 128 127 126 128 127 128 127 128 127 128 127 128 128 127 128 127 128 
24868 6716.273305500 127 128 127 127 128 128 127 128 127 127 128 128 128 127 128 127 128 128 127 128 127 127 128 127 127 
24869 6716.287193000 128 127 127 127 127 127 128 128 127 128 128 127 126 128 127 127 127 127 127 128 127 128 127 128 128 
24870 6716.301080500 127 127 128 127 128 128 127 128 127 127 127 127 127 128 127 127 128 127 127 128 127 128 127 128 127 
24871 6716.314968000 128 127 128 127 128 127 127 128 127 128 128 127 127 127 128 127 127 128 127 127 127 128 127 128 127 
24872 6716.328855500 128 127 128 128 127 128 127 127 128 127 127 128 127 128 128 127 127 127 127 128 127 127 127 128 127 
24873 6716.342743000 128 127 128 128 127 127 127 127 128 127 128 127 127 128 128 127 128 127 128 127 128 127 128 127 128 
24874 6716.356630500 127 127 127 127 128 127 127 128 127 128 127 127 128 128 127 128 128 128 127 128 128 127 127 127 128 
24875 6716.370518000 127 128 128 127 127 126 128 126 128 128 127 128 127 127 128 128 127 128 127 128 127 128 127 128 127 
24876 6716.384405500 128 127 128 128 127 127 128 127 127 128 127 127 128 127 127 128 127 127 128 128 128 128 128 127 128 
24877 6716.398293000 127 128 127 128 127 128 127 127 127 128 128 127 127 127 127 127 127 128 127 127 128 127 128 127 128 
24878 6716.412180500 128 127 127 128 127 129 127 127 129 127 127 128 128 127 128 127 127 127 128 127 128 128 127 127 127 
24879 6716.426068000 127 127 127 128 127 127 127 127 127 128 127 128 128 126 127 127 127 128 127 128 127 127 128 127 127 
24880 6716.439955500 128 127 127 128 127 127 129 127 128 127 128 127 127 128 127 127 128 128 128 127 128 127 128 128 127 
24881 6716.453843000 127 127 128 127 127 127 127 128 127 128 127 127 128 127 127 128 127 127 128 127 127 128 128 126 128 
24882 6716.467730500 128 127 128 128 127 128 128 127 128 127 127 128 127 128 127 128 128 127 128 127 128 127 127 127 128 
24883 6716.481618000 127 128 127 128 128 127 127 128 127 127 127 128 127 128 126 127 127 127 128 127 127 127 127 127 128 
24884 6716.495505500 127 127 129 128 127 128 127 128 127 127 127 128 127 127 129 127 128 128 127 127 127 128 127 127 128 
24885 6716.509393000 127 127 128 128 127 128 128 126 127 127 128 128 128 128 127 127 128 127 127 128 127 127 128 127 128 
24886 6716.523280500 128 127 128 127 127 127 128 128 127 127 127 128 128 127 128 127 127 127 127 127 128 128 128 128 127 
24887 6716.537168000 127 127 127 128 128 127 128 127 127 128 127 129 127 127 128 127 128 127 127 128 127 127 128 127 128 
24888 6716.551055500 127 127 128 127 126 128 127 127 128 127 128 128 127 128 127 128 127 128 127 128 127 128 127 128 128 
24889 6716.564943000 127 128 128 127 128 127 128 127 127 128 127 128 127 127 127 127 127 127 128 127 127 128 127 127 128 
24890 6716.578830500 127 127 127 127 127 127 128 128 127 128 127 127 127 128 127 127 128 127 128 127 128 128 127 128 128 
24891 6716.592718000 127 128 127 128 128 127 127 128 127 128 128 128 127 127 128 127 128 127 127 128 128 128 127 128 128 
24892 6716.606605500 126 128 127 127 127 127 128 127 127 127 128 127 127 127 127 128 127 127 129 127 127 127 127 127 127 
24893 6716.620493000 127 127 127 127 127 128 128 127 127 128 128 126 128 127 128 129 127 127 127 127 128 127 128 126 128 
24894 6716.634380500 127 128 127 127 127 127 128 127 127 128 128 127 127 128 127 127 128 127 127 127 128 127 127 128 127 
24895 6716.648268000 128 128 127 128 128 128 127 128 128 126 127 128 127 128 128 128 127 128 127 128 127 128 127 128 127 
24896 6716.662155500 128 127 128 128 127 127 128 127 127 127 128 127 127 128 127 127 128 127 128 127 126 128 128 127 128 
24897 6716.676043000 127 128 127 128 127 127 128 127 128 127 128 127 128 128 128 128 127 128 128 127 128 127 128 127 128 
24898 6716.689930500 127 128 127 128 128 127 127 127 127 127 128 128 128 128 127 128 127 128 127 127 128 127 128 127 128 
24899 6716.703818000 128 127 127 128 128 127 127 128 127 128 127 128 128 127 127 127 128 127 127 128 127 128 127 128 128 
24900 6716.717705500 127 127 128 127 127 127 127 127 128 127 127 128 127 126 127 127 127 127 128 127 127 127 128 127 128 
24901 6716.731593000 128 127 128 126 127 127 129 127 128 128 127 128 127 128 128 127 128 127 127 127 127 128 127 128 128 
24902 6716.745480500 127 128 127 127 128 128 127 127 128 128 128 127 128 127 128 127 127 128 127 127 127 128 127 127 127 
24903 6716.759368000 128 127 127 128 127 128 127 127 128 128 127 128 128 127 127 127 128 127 128 127 128 127 127 128 128 
24904 6716.773255500 126 127 127 128 127 127 128 127 128 128 127 127 127 128 128 127 127 127 128 127 128 127 128 128 127 
24905 6716.787143000 127 127 128 127 128 127 128 127 127 128 128 127 128 128 127 128 127 128 127 128 128 127 127 128 127 
24906 6716.801030500 128 127 127 128 127 128 127 127 128 127 128 128 127 127 128 128 127 128 127 128 127 128 127 127 128 
24907 6716.814918000 128 128 127 128 127 127 128 127 128 128 127 128 127 128 128 127 128 128 126 128 127 127 127 127 128 
24908 6716.828805500 127 127 128 128 127 127 127 128 126 127 128 128 127 128 127 127 128 127 127 128 127 127 127 128 127 
24909 6716.842693000 127 127 127 128 127 127 128 128 127 127 127 128 127 127 128 127 128 127 127 127 127 127 128 127 128 
24910 6716.856580500 128 127 128 127 128 127 127 127 128 127 127 127 127 128 127 127 127 127 128 128 127 128 127 127 127 
24911 6716.870468000 127 127 127 128 128 127 128 127 127 128 127 128 128 127 128 127 128 127 127 127 127 128 127 127 127 
24912 6716.884355500 128 126 127 127 127 127 127 128 126 128 127 128 128 127 127 128 127 128 127 129 127 127 127 127 128 
24913 6716.898243000 127 127 128 128 127 128 128 127 128 128 127 127 127 128 128 127 127 127 128 127 128 127 127 128 127 
24914 6716.912130500 128 127 127 127 127 128 128 127 128 127 127 128 127 127 128 127 127 127 127 127 128 127 128 127 127 
24915 6716.926018000 127 128 127 127 127 128 128 127 128 127 127 127 128 127 127 128 128 128 128 127 127 127 127 127 128 
24916 6716.939905500 127 127 128 127 127 127 128 127 127 127 127 127 128 127 128 127 128 127 127 128 127 127 128 127 127 
24917 6716.953793000 128 128 128 128 127 127 127 127 127 127 128 127 127 128 127 127 128 128 128 127 127 127 127 128 127 
24918 6716.967680500 127 128 127 127 128 127 127 128 127 128 127 127 127 128 128 127 127 128 128 127 128 127 127 128 127 
24919 6716.981568000 128 127 128 128 128 127 126 128 127 128 127 127 128 127 128 128 127 128 127 127 128 127 128 127 129 
24920 6716.995455500 128 126 128 127 127 127 127 127 128 127 128 127 128 127 127 127 128 126 128 128 128 127 127 128 127 
24921 6717.009343000 128 128 127 129 128 128 127 127 128 128 128 127 127 127 127 128 127 128 127 128 127 128 128 127 128 
24922 6717.023230500 128 127 128 126 127 128 127 128 127 128 127 127 128 127 127 128 127 128 126 128 127 128 127 127 128 
24923 6717.037118000 127 128 128 127 128 127 127 128 127 127 127 127 128 127 127 128 128 127 127 127 128 127 128 127 127 
24924 6717.051005500 127 127 127 127 127 128 127 129 127 127 128 127 128 127 127 128 127 127 128 127 128 127 128 127 127 
24925 6717.064893000 126 128 128 127 128 127 128 127 127 128 127 128 127 127 128 127 127 128 129 127 127 127 127 128 127 
24926 6717.078780500 128 127 127 128 127 127 128 127 128 128 128 126 127 128 126 128 127 126 128 127 128 128 127 127 128 
24927 6717.092668000 127 128 127 128 128 128 126 128 127 128 128 128 128 127 128 127 127 128 127 128 127 127 127 127 129 
24928 6717.106555500 127 128 127 128 127 127 128 127 128 127 127 127 128 127 128 128 128 127 127 128 127 128 127 127 127 
24929 6717.120443000 128 127 128 127 127 128 127 127 127 127 128 128 127 127 128 127 128 127 127 128 127 127 128 127 127 
24930 6717.134330500 128 129 127 127 128 127 127 128 127 128 127 127 128 128 127 127 128 127 127 127 127 128 127 127 128 
24931 6717.148218000 127 127 127 128 128 127 127 128 127 127 128 127 129 128 126 128 127 127 128 128 127 128 128 127 128 
24932 6717.162105500 127 127 128 127 127 127 127 128 128 127 128 127 127 127 127 127 127 128 127 127 128 127 128 128 128 
24933 6717.175993000 127 128 128 127 128 127 127 128 127 128 127 128 127 128 128 127 126 128 128 128 127 128 127 127 128 
24934 6717.189880500 127 128 127 128 128 127 127 127 127 129 127 127 128 128 127 128 127 128 127 128 128 128 127 128 128 
24935 6717.203768000 127 127 127 128 128 128 127 128 127 128 127 127 129 127 128 127 127 127 127 128 129 127 127 128 127 
24936 6717.217655500 128 127 128 127 128 127 127 128 127 128 128 127 127 127 127 128 128 127 127 127 127 128 128 128 127 
24937 6717.231543000 128 127 127 127 128 127 129 128 126 128 127 128 128 127 127 127 128 128 127 128 127 128 127 127 127 
24938 6717.245430500 127 128 127 127 128 127 128 127 127 128 127 128 127 128 127 127 128 128 128 126 128 127 128 128 127 
24939 6717.259318000 127 127 128 128 127 128 128 127 128 127 127 128 128 127 128 127 128 128 127 128 127 127 127 127 127 
24940 6717.273205500 128 127 127 129 127 127 127 127 128 127 127 127 128 127 128 127 128 127 128 128 127 126 128 128 127 
24941 6717.287093000 127 127 128 127 127 128 127 127 128 127 128 127 128 128 129 128 126 128 127 128 128 127 128 127 128 
24942 6717.300980500 127 128 127 128 127 127 127 127 127 128 128 127 127 128 127 127 127 127 128 127 127 127 128 127 127 
24943 6717.314868000 128 127 127 128 128 128 128 127 128 127 128 127 127 128 127 127 128 128 126 128 128 128 127 127 128 
24944 6717.328755500 127 128 127 127 128 127 128 127 127 128 127 128 128 126 127 128 127 128 127 127 127 127 127 128 127 
24945 6717.342643000 128 127 127 128 126 127 129 127 127 127 127 127 127 128 127 128 127 127 128 127 128 127 129 127 127 
24946 6717.356530500 128 127 128 128 127 127 128 127 128 127 127 128 127 128 127 126 127 128 128 127 127 127 127 127 127 
24947 6717.370418000 128 127 127 127 127 127 127 128 128 128 126 128 127 127 128 128 128 127 127 127 127 127 128 127 127 
24948 6717.384305500 127 126 128 128 127 128 127 127 127 127 128 127 128 127 127 128 127 127 128 128 127 127 128 128 127 
24949 6717.398193000 128 128 128 128 128 127 128 127 127 127 127 128 127 127 129 127 127 128 126 128 127 127 128 128 128 
24950 6717.412080500 127 128 127 127 128 128 128 126 128 127 127 128 127 128 127 128 127 127 128 128 127 127 128 126 127 
24951 6717.425968000 129 127 128 127 127 128 127 127 128 127 127 127 127 128 127 128 129 127 127 128 127 127 127 127 128 
24952 6717.439855500 127 128 127 128 127 127 127 127 126 126 127 128 127 127 127 128 127 127 127 128 127 127 127 127 128 
24953 6717.453743000 127 127 129 128 127 127 127 128 127 128 127 128 127 127 128 127 127 127 128 128 126 127 128 127 127 
24954 6717.467630500 128 127 128 127 127 127 127 128 127 128 127 128 127 128 127 126 128 127 127 128 127 127 128 128 127 
24955 6717.481518000 127 127 127 128 128 127 127 127 128 128 127 128 127 127 128 127 128 127 128 127 128 127 127 127 129 
24956 6717.495405500 127 127 127 128 127 127 127 127 127 128 128 127 128 127 128 128 127 127 127 128 127 127 127 127 127 
24957 6717.509293000 127 127 128 127 128 128 127 127 128 127 128 128 127 128 127 128 128 127 128 127 128 127 128 127 128 
24958 6717.523180500 127 127 127 127 128 129 127 128 127 128 127 128 127 128 127 127 127 127 128 127 127 127 128 126 128 
24959 6717.537068000 127 128 127 127 128 127 127 128 127 128 128 127 128 127 128 127 128 127 127 127 128 127 128 127 127 
24960 6717.550955500 127 127 127 128 128 127 127 128 127 127 127 128 127 127 127 127 128 127 128 127 128 127 128 127 127 
24961 6717.564843000 127 127 128 127 127 128 127 128 128 127 128 127 127 128 127 127 128 127 128 128 126 127 128 127 127 
24962 6717.578730500 128 127 127 127 128 127 128 128 127 127 127 128 128 128 128 127 127 128 126 128 127 127 127 128 127 
24963 6717.592618000 128 127 128 127 128 127 127 127 128 127 127 128 128 127 128 127 127 128 127 128 126 128 126 128 128 
24964 6717.606505500 128 128 127 127 127 127 127 127 127 127 128 128 126 128 127 127 128 127 128 127 127 127 128 127 127 
24965 6717.620393000 128 127 128 128 127 128 127 128 128 127 128 127 127 128 127 127 128 127 128 128 128 127 128 127 127 
24966 6717.634280500 127 127 128 127 127 128 127 127 127 127 127 128 127 128 127 127 129 127 128 127 128 128 127 127 127 
24967 6717.648168000 128 128 127 128 127 127 128 128 127 127 128 127 127 128 127 127 128 127 128 128 127 128 128 127 127 
24968 6717.662055500 127 128 128 127 128 127 127 129 127 128 127 126 128 127 127 128 127 128 127 128 127 127 128 127 128 
24969 6717.675943000 126 128 128 127 128 128 127 128 127 127 128 127 128 128 127 128 127 127 129 127 127 128 127 127 127 
24970 6717.689830500 128 127 127 128 127 127 127 127 127 128 127 126 128 128 127 128 127 127 127 127 128 127 128 127 127 
24971 6717.703718000 128 127 127 128 128 127 127 127 127 128 127 127 128 127 127 128 127 128 128 127 127 127 126 128 127 
24972 6717.717605500 128 127 128 127 128 127 127 127 127 127 128 127 127 128 127 128 128 127 128 126 128 127 128 127 127 
24973 6717.731493000 127 127 127 127 128 128 127 127 127 127 128 127 128 127 127 128 127 128 128 127 128 127 128 128 127 
24974 6717.745380500 127 128 127 127 128 126 127 128 127 128 127 127 128 127 127 127 127 128 127 127 127 126 128 128 127 
24975 6717.759268000 127 128 127 128 127 128 128 128 128 127 127 128 128 127 128 127 127 127 127 127 127 127 127 127 128 
24976 6717.773155500 127 127 128 127 127 126 128 127 127 128 127 128 127 127 127 128 127 127 128 127 126 128 127 128 127 
24977 6717.787043000 128 128 127 127 128 127 128 127 127 127 127 128 127 128 127 127 128 127 127 127 128 128 127 127 127 
24978 6717.800930500 127 127 128 127 128 128 126 127 127 127 128 128 127 127 127 127 128 127 127 127 127 127 128 127 128 
24979 6717.814818000 129 141 121 113 136 139 115 120 144 129 112 133 143 118 117 141 135 112 126 144 124 112 137 139 114 
24980 6717.828705500 120 143 129 112 131 143 119 116 140 135 112 126 144 123 113 136 139 115 120 144 129 110 132 142 119 
24981 6717.842593000 116 141 135 111 126 144 123 113 136 139 115 120 144 129 111 131 142 118 115 141 135 112 126 145 123 
24982 6717.856480500 112 136 140 114 120 143 129 111 132 142 119 115 141 135 111 126 143 124 112 137 139 115 120 142 130 
24983 6717.870368000 111 131 142 118 116 140 135 113 125 144 124 112 137 139 115 120 143 130 110 131 142 118 115 141 135 
24984 6717.884255500 111 125 144 124 112 136 140 114 119 143 129 112 131 143 118 115 140 135 112 125 143 124 112 137 139 
24985 6717.898143000 115 120 143 130 112 131 143 119 115 141 135 111 126 143 124 113 136 140 114 120 143 129 111 132 142 
24986 6717.912030500 119 115 140 135 112 126 143 124 113 136 140 114 120 143 129 111 131 142 119 115 141 135 111 125 143 
24987 6717.925918000 124 112 137 140 114 120 143 129 111 131 143 119 115 140 136 111 126 143 124 112 136 139 114 120 144 
24988 6717.939805500 130 111 131 143 118 115 142 135 112 124 145 124 112 136 139 115 120 143 130 110 131 142 119 115 140 
24989 6717.953693000 136 112 125 144 123 112 137 139 115 120 143 130 110 131 142 119 115 141 136 112 125 144 125 112 136 
24990 6717.967580500 141 114 120 143 129 112 131 143 119 115 140 135 112 125 144 125 111 136 139 115 120 142 130 111 130 
24991 6717.981468000 142 120 115 140 135 111 125 143 124 113 136 140 114 119 143 130 111 131 142 120 114 140 135 113 125 
24992 6717.995355500 144 124 112 135 140 115 119 143 130 112 131 142 119 115 140 136 111 125 143 124 111 136 140 114 120 
24993 6718.009243000 143 130 111 130 143 120 114 140 135 112 124 144 124 112 137 139 116 119 143 129 111 131 143 119 115 
24994 6718.023130500 140 136 112 125 143 125 112 136 141 114 120 143 130 112 130 143 119 115 140 136 112 125 144 124 113 
24995 6718.037018000 135 140 116 119 143 131 111 130 143 119 114 141 135 112 124 144 125 112 136 140 115 120 143 130 111 
24996 6718.050905500 131 142 119 114 141 135 112 125 143 124 112 135 141 115 120 143 130 112 129 143 119 115 140 136 111 
24997 6718.064793000 125 144 125 112 136 140 114 120 143 130 111 130 143 119 115 140 136 113 124 143 125 111 136 140 115 
24998 6718.078680500 119 142 131 111 131 143 119 115 140 136 112 124 144 125 112 135 141 114 119 143 130 112 130 144 119 
24999 6718.092568000 114 140 135 112 124 143 125 112 135 141 115 119 142 130 111 130 143 120 114 140 136 112 125 144 125 
25000 6718.106455500 112 135 140 116 120 142 131 111 130 144 119 115 139 136 113 124 145 125 112 135 140 115 120 143 130 
25001 6718.120343000 111 130 143 119 115 140 136 111 125 143 124 113 136 140 115 119 142 131 110 129 143 120 114 139 136 
25002 6718.134230500 113 124 144 125 112 136 140 115 119 142 131 111 129 144 119 115 140 136 112 124 144 125 111 136 140 
25003 6718.148118000 115 119 142 131 111 129 144 119 115 139 137 112 123 144 125 112 135 140 115 119 142 131 111 130 143 
25004 6718.162005500 119 115 139 136 112 123 144 124 111 136 140 115 119 142 131 112 129 143 120 114 140 136 113 124 144 
25005 6718.175893000 125 112 136 141 115 119 143 130 112 129 143 120 114 140 136 112 124 144 125 113 135 140 115 119 142 
25006 6718.189780500 131 110 130 143 120 115 139 136 113 124 143 126 112 135 141 115 119 142 131 110 130 143 120 114 139 
25007 6718.203668000 137 111 124 143 126 112 135 141 115 118 142 131 112 129 143 120 114 139 137 113 124 144 126 112 135 
25008 6718.217555500 141 115 119 143 131 111 129 144 119 114 140 137 111 124 143 125 112 134 141 116 118 142 132 111 130 
25009 6718.231443000 143 120 114 139 136 113 123 144 126 111 135 141 115 119 142 131 112 129 143 120 115 139 138 112 124 
25010 6718.245330500 144 126 112 135 140 116 118 142 131 111 130 142 120 114 138 137 112 123 144 126 112 135 141 116 118 
25011 6718.259218000 143 132 110 129 144 121 114 140 136 112 124 144 126 112 134 140 117 118 142 132 111 129 143 121 114 
25012 6718.273105500 139 138 112 123 144 127 112 135 140 116 118 143 131 112 129 143 120 114 140 136 113 123 144 125 111 
25013 6718.286993000 135 141 116 117 142 132 110 129 144 120 114 139 137 113 123 143 127 111 134 141 115 119 142 131 112 
25014 6718.300880500 129 143 121 113 140 137 112 124 143 125 112 134 142 116 118 143 131 111 129 143 120 114 139 137 113 
25015 6718.314768000 124 143 127 111 135 141 115 119 142 132 111 128 144 120 115 139 137 113 122 143 126 112 134 141 117 
25016 6718.328655500 118 143 131 111 128 143 121 115 139 137 112 123 144 126 112 134 141 116 118 142 131 112 128 143 121 
25017 6718.342543000 114 139 137 112 124 143 125 112 134 141 117 117 142 131 111 129 143 121 114 139 137 112 123 144 126 
25018 6718.356430500 111 134 140 116 118 142 132 111 128 143 121 114 139 138 112 123 144 126 112 134 141 116 118 142 132 
25019 6718.370318000 111 129 143 120 114 139 137 113 123 143 127 112 134 142 116 118 142 132 112 128 143 120 115 139 137 
25020 6718.384205500 112 123 144 126 112 134 141 116 117 142 132 111 128 143 121 112 139 136 112 123 143 127 112 134 142 
25021 6718.398093000 116 118 142 132 111 129 143 120 115 138 138 112 123 144 126 111 135 141 117 117 143 132 111 128 143 
25022 6718.411980500 122 113 138 138 113 122 144 126 112 134 142 116 118 142 132 112 128 143 121 113 139 137 112 123 143 
25023 6718.425868000 126 112 133 142 116 117 142 133 111 128 143 122 112 139 138 113 122 144 127 112 134 141 117 117 143 
25024 6718.439755500 132 111 129 143 121 115 138 137 113 122 144 126 112 133 141 116 116 142 132 111 128 143 121 112 138 
25025 6718.453643000 138 113 122 144 128 111 134 141 116 117 142 133 111 128 143 121 115 138 137 112 122 143 126 112 133 
25026 6718.467530500 142 116 118 143 132 111 129 143 121 112 139 137 114 122 144 127 111 134 141 117 117 142 133 111 128 
25027 6718.481418000 143 121 114 138 138 112 122 144 126 111 133 141 115 118 142 132 112 127 143 122 113 138 137 113 122 
25028 6718.495305500 144 128 111 134 141 118 117 142 134 111 128 143 121 115 138 138 114 121 144 126 112 133 142 116 118 
25029 6718.509193000 141 133 111 128 144 121 113 138 137 113 123 143 128 112 133 142 116 117 142 133 111 128 144 121 114 
25030 6718.523080500 139 138 114 122 143 127 112 133 141 117 117 142 132 112 128 143 122 112 138 139 113 123 143 128 112 
25031 6718.536968000 133 141 116 118 141 134 112 127 144 121 114 138 137 113 121 143 127 111 133 141 117 117 142 132 112 
25032 6718.550855500 128 143 121 113 138 137 114 122 143 129 111 133 142 117 117 142 133 112 127 144 122 113 138 138 113 
25033 6718.564743000 122 143 127 111 134 141 117 116 142 133 112 127 144 123 112 137 138 113 121 144 128 111 134 141 117 
25034 6718.578630500 117 141 133 112 127 143 122 113 138 138 113 122 143 128 111 133 142 117 117 141 134 111 128 144 122 
25035 6718.592518000 113 138 139 113 122 143 128 112 133 142 116 117 142 133 112 127 144 121 114 137 138 113 122 143 127 
25036 6718.606405500 111 134 142 117 117 141 133 111 127 144 122 113 137 138 114 121 143 129 111 133 142 117 116 141 134 
25037 6718.620293000 111 128 144 122 113 138 138 113 122 143 127 111 132 142 116 117 142 133 112 127 144 122 112 138 137 
25038 6718.634180500 114 122 143 129 111 132 142 118 116 141 134 111 126 144 122 113 138 138 113 122 143 127 111 132 143 
25039 6718.648068000 117 117 141 133 112 127 143 122 113 138 138 114 121 144 128 111 133 141 117 116 141 134 111 127 143 
25040 6718.661955500 122 113 138 139 113 120 143 128 111 132 142 116 117 141 134 112 126 144 122 112 138 138 115 121 144 
25041 6718.675843000 128 111 133 142 117 117 141 135 111 126 144 123 113 138 138 113 121 143 128 111 132 142 117 116 141 
25042 6718.689730500 134 111 127 144 123 112 138 137 115 121 143 129 111 132 142 117 116 141 133 112 126 144 122 113 138 
25043 6718.703618000 139 113 122 144 127 112 132 142 118 117 141 133 111 127 144 123 112 138 138 115 121 143 129 111 132 
25044 6718.717505500 143 117 117 141 134 111 126 144 122 113 137 139 114 120 144 127 111 133 142 118 116 141 135 111 127 
25045 6718.731393000 144 123 113 137 139 114 121 144 129 111 133 142 117 117 141 135 112 126 144 123 113 138 139 113 121 
25046 6718.745280500 143 129 111 133 141 117 117 141 133 112 126 144 122 113 136 138 114 121 143 130 110 132 143 118 116 
25047 6718.759168000 141 134 112 126 144 123 113 137 139 114 120 144 128 111 132 142 119 116 141 134 112 126 144 123 112 
25048 6718.773055500 137 139 114 122 143 130 110 132 143 118 116 140 135 111 126 144 123 113 137 138 114 120 143 129 111 
25049 6718.786943000 132 142 118 116 141 135 111 127 143 123 113 137 140 114 120 144 129 111 132 143 117 117 141 134 112 
25050 6718.800830500 126 144 123 112 137 140 114 120 143 128 111 131 143 119 115 141 134 111 126 143 124 112 136 140 114 
25051 6718.814718000 121 143 129 112 131 142 118 116 140 135 112 126 144 124 112 138 139 113 121 143 129 111 132 143 117 
25052 6718.828605500 117 140 134 111 127 143 123 112 137 139 114 120 143 129 112 131 142 119 115 141 134 112 126 143 123 
25053 6718.842493000 113 136 140 113 120 143 128 111 131 143 118 116 141 134 112 125 144 123 112 136 140 114 121 143 130 
25054 6718.856380500 111 131 143 118 116 141 135 111 126 143 124 112 137 140 113 120 143 129 111 131 143 117 116 141 134 
25055 6718.870268000 112 126 143 124 113 136 138 116 120 143 130 111 131 142 118 116 140 136 112 126 144 123 113 137 140 
25056 6718.884155500 113 120 143 129 111 132 142 117 116 140 135 112 126 143 124 111 137 138 115 121 142 130 110 131 142 
25057 6718.898043000 118 116 140 136 112 125 144 123 113 136 140 113 119 143 130 111 132 142 119 116 140 135 112 126 143 
25058 6718.911930500 123 112 136 139 115 120 144 129 111 131 143 118 116 140 135 112 125 144 123 112 136 139 113 120 143 
25059 6718.925818000 129 112 131 142 119 115 140 136 111 126 143 124 112 137 139 116 120 144 130 111 131 143 118 116 141 
25060 6718.939705500 135 111 125 144 124 112 136 140 114 120 143 129 111 131 142 119 115 140 135 112 126 144 124 112 136 
25061 6718.953593000 140 114 120 142 130 110 131 142 119 115 140 135 112 126 143 124 113 136 140 115 119 143 129 111 131 
25062 6718.967480500 142 119 116 140 136 112 125 144 124 113 135 140 115 119 143 130 111 131 142 118 115 141 135 112 125 
25063 6718.981368000 143 124 113 136 140 113 120 143 129 111 131 142 119 114 140 135 112 126 144 124 112 135 140 115 119 
25064 6718.995255500 143 129 111 131 143 118 115 140 135 112 126 143 124 113 136 139 114 119 143 130 112 130 143 119 115 
25065 6719.009143000 140 135 112 126 143 124 113 135 140 115 119 143 130 111 131 143 119 115 141 135 112 124 144 124 112 
25066 6719.023030500 136 139 114 120 143 129 111 131 143 119 114 141 136 112 125 144 125 112 136 140 116 119 143 130 110 
25067 6719.036918000 131 142 119 116 140 136 112 125 144 124 112 137 139 114 120 143 130 111 130 143 119 115 140 136 112 
25068 6719.050805500 125 143 125 112 135 141 116 119 143 131 110 130 143 119 115 139 136 112 125 143 124 112 136 139 114 
25069 6719.064693000 118 143 130 111 131 143 119 115 140 135 112 125 143 125 112 136 140 116 119 143 130 111 131 143 119 
25070 6719.078580500 115 140 136 112 124 143 125 112 135 140 113 119 143 130 110 130 144 119 115 140 136 112 124 143 126 
25071 6719.092468000 111 136 139 117 119 142 130 111 130 143 120 115 140 135 112 124 143 125 112 136 140 114 118 143 131 
25072 6719.106355500 110 131 143 120 115 140 137 112 124 143 124 113 135 140 116 119 142 131 111 131 142 119 115 139 136 
25073 6719.120243000 112 124 144 124 113 135 140 115 118 144 131 110 131 143 119 115 140 136 113 124 144 125 112 135 140 
25074 6719.134130500 116 118 142 132 111 130 143 119 115 140 136 112 124 144 125 112 136 140 114 119 143 130 111 130 143 
25075 6719.148018000 119 115 140 136 113 124 144 125 111 135 141 116 119 142 130 111 130 142 120 114 140 136 112 125 144 
25076 6719.161905500 125 113 135 140 114 119 144 131 111 130 142 120 115 140 137 112 124 144 125 112 135 140 117 119 141 
25077 6719.175793000 132 110 130 143 119 114 140 136 112 124 144 124 112 134 141 114 119 143 130 112 129 143 120 115 139 
25078 6719.189680500 136 112 123 144 125 111 135 141 116 119 142 131 112 129 144 119 114 139 136 112 124 144 125 112 136 
25079 6719.203568000 140 115 119 143 131 111 129 143 120 114 139 136 113 123 144 126 112 134 140 116 119 142 131 111 129 
25080 6719.217455500 144 120 115 140 136 113 124 143 126 111 135 141 114 119 143 131 111 129 142 120 114 139 136 113 123 
25081 6719.231343000 144 125 112 135 140 117 119 141 132 111 129 144 120 113 139 137 112 124 144 125 113 134 141 115 118 
25082 6719.245230500 144 131 111 130 143 120 115 140 136 113 123 144 126 111 135 141 116 119 142 132 111 130 143 120 114 
25083 6719.259118000 139 137 112 124 144 125 113 135 140 115 118 143 131 111 129 142 120 115 139 137 112 123 144 125 112 
25084 6719.273005500 134 141 117 118 141 132 112 129 143 120 115 139 137 112 123 144 126 113 134 141 115 118 143 131 111 
25085 6719.286893000 129 143 120 114 139 136 113 123 143 126 112 134 142 116 118 142 132 110 129 143 120 114 139 137 112 
25086 6719.300780500 123 144 126 111 135 140 115 118 143 131 111 128 143 121 114 139 137 112 124 143 126 112 135 141 116 
25087 6719.314668000 119 141 133 111 129 144 120 114 139 137 112 123 144 125 113 134 140 115 117 143 131 111 128 143 121 
25088 6719.328555500 114 139 137 112 124 144 126 112 133 141 117 118 142 131 112 129 144 120 114 139 137 113 123 144 126 
25089 6719.342443000 112 134 141 116 118 142 132 111 129 143 120 114 139 137 113 123 144 125 111 134 141 117 118 142 132 
25090 6719.356330500 112 129 144 121 114 139 137 113 123 144 127 112 135 140 116 118 142 132 111 128 144 121 113 139 138 
25091 6719.370218000 112 123 144 126 111 135 141 117 118 141 133 111 128 144 120 114 139 137 113 122 144 127 112 135 140 
25092 6719.384105500 115 118 142 131 112 128 144 121 113 139 137 112 123 143 126 111 133 142 117 118 141 132 111 128 144 
25093 6719.397993000 120 114 138 137 113 123 144 126 111 134 141 115 118 143 132 111 128 143 121 113 139 137 112 123 143 
25094 6719.411880500 127 111 134 142 116 118 142 132 111 129 143 121 114 139 137 114 122 144 126 111 134 141 116 118 142 
25095 6719.425768000 132 111 128 143 121 114 139 138 112 123 143 127 112 133 141 118 117 141 132 111 128 143 121 113 139 
25096 6719.439655500 137 113 123 143 127 111 133 141 116 117 142 133 111 128 144 121 114 138 138 113 123 144 126 111 134 
25097 6719.453543000 141 118 118 142 133 111 129 144 121 114 138 137 114 122 143 127 112 133 142 115 117 143 133 111 129 
25098 6719.467430500 143 121 113 138 137 113 122 144 127 111 134 141 117 118 141 133 111 127 144 121 114 138 138 113 122 
25099 6719.481318000 144 126 112 133 143 116 117 142 132 112 127 144 120 114 138 138 114 122 143 127 111 133 141 117 117 
25100 6719.495205500 142 134 111 128 143 121 114 138 138 113 122 144 127 112 133 142 115 117 143 133 110 128 144 121 114 
25101 6719.509093000 138 138 113 121 144 127 110 134 141 117 117 141 132 111 128 143 121 114 137 138 113 123 143 127 111 
25102 6719.522980500 135 142 115 117 142 133 111 127 143 121 113 138 138 113 123 143 128 112 133 142 117 118 140 133 112 
25103 6719.536868000 127 143 122 113 138 137 114 121 144 127 112 133 142 116 116 143 134 111 128 143 122 113 139 137 114 
25104 6719.550755500 121 143 127 112 133 141 118 116 141 133 112 127 144 121 113 139 137 113 122 144 128 111 133 142 116 
25105 6719.564643000 117 143 132 112 127 144 121 113 138 138 114 122 143 128 110 133 141 118 117 141 133 111 128 143 123 
25106 6719.578530500 112 138 138 112 122 143 127 111 134 141 116 116 143 133 111 127 143 122 113 138 138 113 123 143 128 
25107 6719.592418000 110 133 142 118 118 140 134 111 127 143 121 114 137 138 113 121 144 127 112 134 142 116 117 142 133 
25108 6719.606305500 111 126 144 121 114 138 137 113 122 144 128 110 134 141 118 116 140 134 111 128 143 122 113 138 138 
25109 6719.620193000 113 122 144 128 112 132 142 116 116 143 132 111 128 143 122 113 138 139 113 121 144 128 110 134 141 
25110 6719.634080500 119 117 141 133 111 127 144 122 113 139 138 113 121 143 128 112 132 142 116 116 142 133 112 127 144 
25111 6719.647968000 122 112 138 139 113 122 144 127 112 132 142 119 116 141 133 111 128 143 123 113 138 138 113 121 144 
25112 6719.661855500 128 111 133 142 116 117 142 133 112 117 123 124 125 125 125 126 126 125 126 126 126 127 127 127 126 
25113 6719.675743000 127 127 126 128 127 127 128 127 127 127 127 128 127 127 128 127 127 128 127 128 128 127 128 127 127 
25114 6719.689630500 128 127 128 127 127 128 127 127 128 127 127 128 127 128 127 127 127 127 128 127 128 127 127 128 127 
25115 6719.703518000 128 126 127 128 128 128 128 127 128 127 128 127 128 127 127 128 127 128 127 129 127 127 128 127 127 
25116 6719.717405500 128 128 127 128 127 127 127 128 128 127 127 128 127 127 128 127 127 127 127 127 128 127 128 127 128 
25117 6719.731293000 128 127 128 127 128 128 127 127 127 128 127 128 128 127 128 128 127 128 127 128 127 127 128 127 127 
25118 6719.745180500 127 127 128 127 128 128 128 127 127 127 127 128 127 127 127 127 128 127 126 128 128 128 128 128 127 
25119 6719.759068000 128 127 127 127 127 127 128 128 126 127 127 128 127 128 127 127 128 127 128 128 127 128 127 127 128 
25120 6719.772955500 127 128 128 127 127 128 127 128 128 127 128 127 128 127 127 128 127 128 128 127 127 128 128 127 127 
25121 6719.786843000 127 128 127 127 128 128 127 127 128 127 127 127 128 129 128 126 128 127 127 128 127 128 127 128 127 
25122 6719.800730500 127 128 127 127 128 127 127 128 128 127 127 127 128 127 127 128 127 127 128 127 127 127 127 128 127 
25123 6719.814618000 127 127 128 127 127 127 128 127 127 128 127 127 128 128 127 128 127 127 128 128 128 127 127 128 127 
25124 6719.828505500 128 127 128 127 128 127 127 128 127 128 127 128 126 128 127 128 127 127 128 128 127 128 127 127 128 
25125 6719.842393000 128 128 128 127 128 127 127 127 127 127 128 128 128 127 128 127 127 127 128 127 127 128 127 127 127 
25126 6719.856280500 127 128 127 127 128 127 127 128 127 128 127 128 128 127 128 128 128 128 127 127 127 127 128 127 128 
25127 6719.870168000 127 128 128 127 127 127 127 127 127 127 127 127 127 127 127 127 128 127 128 127 127 128 127 128 128 
25128 6719.884055500 127 128 128 127 128 127 127 128 127 128 127 127 128 127 128 127 128 128 127 127 127 128 128 127 127 
25129 6719.897943000 128 127 128 127 127 128 127 128 128 127 128 127 127 129 127 128 127 128 128 127 128 127 128 127 128 
25130 6719.911830500 128 127 128 128 128 128 127 127 127 127 127 127 128 128 127 127 127 127 128 128 127 126 127 127 128 
25131 6719.925718000 127 128 128 127 128 127 127 128 127 127 128 127 128 127 128 129 127 127 127 128 127 128 127 128 127 
25132 6719.939605500 127 128 127 128 127 127 128 128 126 128 128 128 127 128 128 127 127 127 128 127 128 127 128 127 127 
25133 6719.953493000 128 127 127 127 127 127 128 127 127 128 127 128 127 128 127 128 128 127 128 127 128 128 128 127 127 
25134 6719.967380500 128 127 127 128 127 127 128 127 128 126 128 127 127 128 127 128 127 128 127 127 128 127 128 128 127 
25135 6719.981268000 128 127 128 128 128 127 128 128 127 128 127 128 127 127 128 127 127 128 127 128 127 128 128 128 127 
25136 6719.995155500 127 127 127 128 127 127 127 128 127 128 127 127 128 128 127 128 126 128 128 128 127 128 127 127 127 
25137 6720.009043000 127 127 127 128 127 128 127 128 127 127 128 126 127 128 128 127 128 127 128 127 128 127 128 127 128 
25138 6720.022930500 128 128 127 128 128 127 128 127 128 127 128 127 127 128 128 127 127 127 128 127 128 127 127 127 128 
25139 6720.036818000 127 127 128 127 128 127 127 128 127 128 127 128 127 126 128 128 127 128 127 128 127 128 128 127 128 
25140 6720.050705500 127 128 127 128 128 127 128 128 126 128 127 128 127 127 128 127 128 127 127 128 127 128 127 128 126 
25141 6720.064593000 128 128 128 128 127 127 127 128 127 128 127 128 127 127 128 127 127 128 128 127 127 127 128 127 128 
25142 6720.078480500 128 127 128 127 127 128 127 128 128 127 128 128 128 127 128 128 127 127 127 127 127 127 128 127 128 
25143 6720.092368000 126 127 127 127 128 127 127 128 127 127 128 127 128 127 127 128 127 128 128 128 127 128 127 128 128 
25144 6720.106255500 127 128 127 128 128 127 128 127 127 127 127 128 127 127 127 128 127 127 128 127 127 127 128 127 128 
25145 6720.120143000 127 128 127 127 128 128 127 128 127 128 128 127 127 128 127 128 128 127 127 128 127 128 127 127 128 
25146 6720.134030500 127 127 128 127 127 128 127 127 128 127 128 127 128 128 127 127 127 127 128 127 128 128 127 127 127 
25147 6720.147918000 128 127 128 127 128 127 127 128 128 127 127 128 128 127 127 128 127 128 128 127 128 127 128 127 127 
25148 6720.161805500 127 127 129 127 128 128 128 127 128 127 126 128 127 127 128 128 127 127 128 127 128 127 128 127 127 
25149 6720.175693000 127 128 127 128 128 127 127 127 127 128 127 128 127 128 127 128 127 128 127 128 127 127 127 128 127 
25150 6720.189580500 127 128 127 128 127 128 127 129 127 127 127 127 127 128 127 128 127 127 128 127 128 127 128 128 127 
25151 6720.203468000 127 127 127 128 127 127 128 128 127 127 128 128 127 128 128 127 128 127 128 128 128 127 127 128 127 
25152 6720.217355500 128 127 127 128 127 127 127 128 127 127 127 127 127 128 127 127 128 127 127 127 127 127 128 127 128 
25153 6720.231243000 127 127 127 127 129 127 127 128 127 127 128 128 127 128 128 127 128 127 127 128 128 127 128 128 127 
25154 6720.245130500 128 128 128 127 127 127 127 127 127 128 127 128 127 128 127 128 127 127 127 128 127 128 127 128 127 
25155 6720.259018000 128 127 128 128 127 128 127 128 127 128 127 128 127 128 127 127 128 127 127 127 127 127 127 128 128 
25156 6720.272905500 128 128 128 127 127 127 128 127 128 127 127 128 127 127 128 127 127 128 127 126 127 127 128 128 127 
25157 6720.286793000 127 128 127 127 128 127 128 127 127 128 127 128 128 127 128 127 127 128 128 128 127 128 127 127 128 
25158 6720.300680500 127 127 128 127 127 128 128 127 128 127 127 128 127 128 128 127 127 128 127 128 127 127 128 127 128 
25159 6720.314568000 127 128 128 127 127 128 127 128 128 127 128 127 127 128 127 128 127 127 127 128 127 128 127 128 128 
25160 6720.328455500 127 128 127 128 128 127 128 127 127 129 127 128 127 127 128 127 128 127 127 128 127 127 127 127 128 
25161 6720.342343000 127 128 127 127 128 127 127 128 127 127 127 127 127 127 128 127 127 127 127 128 127 128 127 128 127 
25162 6720.356230500 127 128 127 128 128 128 127 128 127 128 127 128 127 127 127 127 128 127 128 127 128 127 128 126 127 
25163 6720.370118000 128 127 127 128 128 127 128 128 127 127 127 127 128 127 127 128 127 127 128 127 127 127 128 127 128 
25164 6720.384005500 127 128 127 127 128 127 127 128 128 128 127 128 127 127 128 127 128 128 127 128 127 128 127 128 127 
25165 6720.397893000 128 128 127 128 127 128 127 127 127 128 128 127 127 127 127 127 127 128 127 127 128 127 128 127 127 
25166 6720.411780500 128 126 127 128 127 127 127 128 127 128 127 128 128 127 128 127 127 128 128 128 128 127 128 128 127 
25167 6720.425668000 128 127 128 127 128 127 127 128 127 127 127 127 128 127 128 127 127 128 127 128 127 127 128 128 127 
25168 6720.439555500 128 127 127 128 128 127 128 128 127 128 127 128 127 128 128 127 128 127 128 128 127 128 127 127 128 
25169 6720.453443000 128 127 127 128 127 127 127 127 128 127 127 127 127 128 127 127 128 127 127 127 128 127 128 128 127 
25170 6720.467330500 127 127 127 127 128 127 128 127 128 127 127 128 128 128 128 127 128 127 127 128 127 127 128 127 127 
25171 6720.481218000 128 127 127 128 127 128 127 127 127 127 128 127 127 128 127 127 128 127 128 128 127 128 127 128 127 
25172 6720.495105500 128 127 128 127 127 128 128 127 128 127 127 128 127 127 128 127 128 127 128 127 127 128 127 127 127 
25173 6720.508993000 127 128 128 127 128 128 127 127 128 128 128 128 127 128 128 128 128 127 127 128 127 128 127 128 128 
25174 6720.522880500 128 127 127 127 128 127 128 127 127 128 127 128 127 127 128 127 128 127 127 127 127 128 127 127 128 
25175 6720.536768000 127 128 128 128 127 128 127 127 128 127 128 127 127 128 128 127 128 127 127 127 127 128 128 127 128 
25176 6720.550655500 127 128 127 128 127 127 127 127 127 128 127 127 127 127 127 128 127 127 128 127 127 128 127 128 128 
25177 6720.564543000 127 128 127 127 127 128 127 128 128 127 128 127 127 128 127 127 128 128 128 128 127 127 128 127 128 
25178 6720.578430500 127 128 128 127 127 127 127 128 127 127 128 127 127 128 127 128 127 128 127 127 127 127 128 127 127 
25179 6720.592318000 127 127 127 128 127 127 128 127 128 127 128 127 128 127 128 127 128 127 127 128 127 127 128 127 128 
25180 6720.606205500 127 128 128 127 128 127 127 128 127 128 127 127 127 128 127 127 127 127 127 127 128 127 128 128 127 
25181 6720.620093000 127 127 127 127 129 127 127 127 127 128 127 128 127 127 127 127 127 128 127 128 127 128 127 128 127 
25182 6720.633980500 128 128 128 128 128 127 127 128 127 128 127 128 127 127 127 128 128 127 127 127 128 128 127 128 128 
25183 6720.647868000 126 128 127 127 128 128 127 127 127 127 127 127 127 127 127 127 127 127 128 127 127 127 127 127 127 
25184 6720.661755500 127 128 128 127 128 128 127 127 128 127 128 127 127 127 127 128 128 127 127 127 128 128 128 127 128 
25185 6720.675643000 127 128 127 127 127 128 127 127 127 127 128 127 127 127 127 128 127 127 128 127 128 127 128 127 127 
25186 6720.689530500 128 127 128 127 128 127 128 128 128 127 128 127 127 128 127 127 127 127 127 128 127 128 128 127 128 
25187 6720.703418000 127 127 128 127 127 128 128 128 127 127 128 127 127 128 127 127 127 127 128 127 128 127 128 127 128 
25188 6720.717305500 127 127 128 128 127 128 128 127 128 128 126 127 127 127 127 128 127 128 127 128 127 128 127 128 127 
25189 6720.731193000 127 127 128 127 128 127 127 128 127 127 128 128 127 128 127 127 128 128 127 128 127 127 128 127 128 
