6713.226568500 6698.289782375
6713.240456375 6698.303670375
6713.254346250 6698.317560375
6713.268233875 6698.331448000
6713.282121250 6698.345335250
6713.296008750 6698.359222875
6713.309896500 6698.373110625
6713.323780250 6698.386994500
6713.337668250 6698.400882375
6713.351556125 6698.414770375
6713.365445875 6698.428660125
6713.379333750 6698.442548125
6713.393221000 6698.456435250
6713.407108625 6698.470322875
6713.420996125 6698.484210500
6713.434880125 6698.498094500
6713.448767750 6698.511982125
6713.462655750 6698.525870125
6713.476545500 6698.539760000
6713.490433250 6698.553647750
6713.504320375 6698.567534875
6713.518210375 6698.581424875
6713.532096500 6698.595311000
6713.545979875 6698.609194500
6713.559867875 6698.623082375
6713.573755625 6698.636970375
6713.587645250 6698.650859875
6713.601537500 6698.664752250
6713.615421250 6698.678636125
6713.629307500 6698.692522375
6713.643191375 6698.706406250
6713.657079500 6698.720294375
6713.670967375 6698.734182375
6713.684855375 6698.748070250
6713.698745250 6698.761960250
6713.712633000 6698.775848000
6713.726520500 6698.789735625
6713.740407750 6698.803622750
6713.754295250 6698.817510375
6713.768179250 6698.831394375
6713.782067375 6698.845282500
6713.795955250 6698.859170375
6713.809845125 6698.873060250
6713.823732750 6698.886948000
6713.837620375 6698.900835625
6713.851507500 6698.914722750
6713.865391125 6698.928606375
6713.879279250 6698.942494500
6713.893167000 6698.956382500
6713.907055125 6698.970270375
6713.920944500 6698.984159875
6713.934836750 6698.998052125
6713.948720500 6699.011936125
6713.962606875 6699.025822375
6713.976490625 6699.039706250
6713.990378625 6699.053594250
6714.004266750 6699.067482375
6714.018161125 6699.081376750
6714.032045375 6699.095261000
6714.045931625 6699.109147375
6714.059819375 6699.123035125
6714.073706875 6699.136922625
6714.087590375 6699.150806125
6714.101485125 6699.164701000
6714.115370625 6699.178586500
6714.129254375 6699.192470250
6714.143144500 6699.206360375
6714.157032125 6699.220248000
6714.170919375 6699.234135375
6714.184807000 6699.248023000
6714.198690125 6699.261906125
6714.212578125 6699.275794125
6714.226466125 6699.289682250
6714.240354125 6699.303570250
6714.254244250 6699.317460375
6714.268131750 6699.331348000
6714.282019000 6699.345235125
6714.295906750 6699.359123125
6714.309789875 6699.373006125
6714.323677750 6699.386894125
6714.337565875 6699.400782250
6714.351460750 6699.414677125
6714.365344500 6699.428560875
6714.379230875 6699.442447250
6714.393118500 6699.456335000
6714.407006125 6699.470222625
6714.420889875 6699.484106375
6714.434784375 6699.498000875
6714.448665500 6699.511882125
6714.462553625 6699.525770250
6714.476443500 6699.539660000
6714.490331000 6699.553547625
6714.504218250 6699.567434875
6714.518108250 6699.581325000
6714.531994375 6699.595211000
6714.545877625 6699.609094375
6714.559765625 6699.622982375
6714.573653625 6699.636870500
6714.587543375 6699.650760250
6714.601431000 6699.664647875
6714.615318250 6699.678535250
6714.629206000 6699.692423000
6714.643093500 6699.706310625
6714.656977375 6699.720194375
6714.670865250 6699.734082375
6714.684753375 6699.747970500
6714.698642875 6699.761860125
6714.712530875 6699.775748000
6714.726418125 6699.789635250
6714.740305750 6699.803523000
6714.754193375 6699.817410625
6714.768077125 6699.831294375
6714.781964875 6699.845182125
6714.795852875 6699.859070250
6714.809742750 6699.872960125
6714.823630375 6699.886847625
6714.837517500 6699.900734875
6714.851407625 6699.914625000
6714.865293625 6699.928511125
6714.879177000 6699.942394375
6714.893064875 6699.956282375
6714.906952875 6699.970170375
6714.920842375 6699.984060000
6714.934734625 6699.997952125
6714.948618500 6700.011836000
6714.962504625 6700.025722375
6714.976388625 6700.039606375
6714.990276500 6700.053494250
6715.004164500 6700.067382250
6715.018052375 6700.081270250
6715.031942500 6700.095160375
6715.045830000 6700.109047875
6715.059717625 6700.122935500
6715.073604875 6700.136822750
6715.087492500 6700.150710500
6715.101376375 6700.164594375
6715.115264375 6700.178482375
6715.129152375 6700.192370375
6715.143042250 6700.206260375
6715.156929875 6700.220148000
6715.170817375 6700.234035500
6715.184704625 6700.247922750
6715.198588375 6700.261806500
6715.212476250 6700.275694500
6715.226364250 6700.289582375
6715.240252125 6700.303470375
6715.254141625 6700.317360000
6715.268033875 6700.331252250
6715.281917750 6700.345136000
6715.295804125 6700.359022375
6715.309687875 6700.372906375
6715.323575875 6700.386794375
6715.337463750 6700.400682250
6715.351358250 6700.414576750
6715.365242500 6700.428461125
6715.379128875 6700.442347500
6715.393016375 6700.456235000
6715.406904000 6700.470122625
6715.420787500 6700.484006125
6715.434682375 6700.497901125
6715.448567750 6700.511786375
6715.462451375 6700.525670125
6715.476341625 6700.539560375
6715.490229250 6700.553448125
6715.504116500 6700.567335250
6715.518004000 6700.581222875
6715.531887250 6700.595106125
6715.545775375 6700.608994250
6715.559663250 6700.622882125
6715.573551125 6700.636770125
6715.587441375 6700.650660375
6715.601329000 6700.664548125
6715.615215875 6700.678435125
6715.629103875 6700.692323000
6715.642986875 6700.706206125
6715.656875000 6700.720094250
6715.670763000 6700.733982250
6715.684657750 6700.747877000
6715.698541625 6700.761760875
6715.712428000 6700.775647375
6715.726315625 6700.789535000
6715.740203125 6700.803422500
6715.754087000 6700.817306375
6715.767981625 6700.831201000
6715.781862750 6700.845082250
6715.795750750 6700.858970125
6715.809640500 6700.872860000
6715.823528250 6700.886747750
6715.837415375 6700.900635000
6715.851305375 6700.914524875
6715.865191375 6700.928411000
6715.879074875 6700.942294500
6715.892962875 6700.956182500
6715.906850750 6700.970070375
6715.920740625 6700.983960250
6715.934628125 6700.997847875
6715.948515625 6701.011735375
6715.962403125 6701.025622875
6715.976290625 6701.039510500
6715.990174375 6701.053394375
6716.004062500 6701.067282500
6716.017950500 6701.081170375
6716.031840125 6701.095060000
6716.045728000 6701.108948000
6716.059615250 6701.122835375
6716.073502875 6701.136722875
6716.087390375 6701.150610500
6716.101274250 6701.164494375
6716.115162000 6701.178382250
6716.129050000 6701.192270250
6716.142939875 6701.206160000
6716.156827375 6701.220047625
6716.170714750 6701.233935000
6716.184604625 6701.247825000
6716.198490750 6701.261711000
6716.212374000 6701.275594375
6716.226262125 6701.289482500
6716.240150125 6701.303370500
6716.254039375 6701.317259875
6716.267931625 6701.331152125
6716.281815625 6701.345036125
6716.295701875 6701.358922500
6716.309585625 6701.372806250
6716.323473625 6701.386694250
6716.337361625 6701.400582375
6716.351249625 6701.414470375
6716.365139750 6701.428360250
6716.379027125 6701.442247875
6716.392914750 6701.456135500
6716.406802000 6701.470022875
6716.420689625 6701.483910375
6716.434573375 6701.497794250
6716.448461500 6701.511682375
6716.462349500 6701.525570500
6716.476239375 6701.539460250
6716.490127000 6701.553347875
6716.504014500 6701.567235500
6716.517901875 6701.581122875
6716.531785375 6701.595006375
6716.545673375 6701.608894375
6716.559561250 6701.622782375
6716.573449375 6701.636670500
6716.587338750 6701.650559875
6716.601231000 6701.664452125
6716.615114750 6701.678336000
6716.629001250 6701.692222500
6716.642885125 6701.706106375
6716.656772875 6701.719994250
6716.670660875 6701.733882250
6716.684555500 6701.747776875
6716.698439625 6701.761661125
6716.712326000 6701.775547375
6716.726213500 6701.789435000
6716.740101250 6701.803322750
6716.753984625 6701.817206250
6716.767879500 6701.831101000
6716.781764750 6701.844986375
6716.795648625 6701.858870250
6716.809538750 6701.872760500
6716.823426375 6701.886648000
6716.837313625 6701.900535250
6716.851201250 6701.914423000
6716.865084500 6701.928306250
6716.878972375 6701.942194125
6716.892860375 6701.956082125
6716.906748250 6701.969970125
6716.920638625 6701.983860500
6716.934526125 6701.997748000
6716.948413000 6702.011635000
6716.962301000 6702.025523000
6716.976184125 6702.039406250
6716.990072250 6702.053294125
6717.003960000 6702.067182125
6717.017854875 6702.081077000
6717.031738875 6702.094961000
6717.045625125 6702.108847250
6717.059512625 6702.122734875
6717.073400250 6702.136622500
6717.087284250 6702.150506500
6717.101178625 6702.164401000
6717.115059875 6702.178282125
6717.128947750 6702.192170125
6717.142837750 6702.206060125
6717.156725250 6702.219947750
6717.170612500 6702.233834875
6717.184502500 6702.247724875
6717.198388625 6702.261611125
6717.212272000 6702.275494500
6717.226159875 6702.289382375
6717.240047875 6702.303270375
6717.253937750 6702.317160375
6717.267825375 6702.331048000
6717.281712500 6702.344935250
6717.295600125 6702.358822875
6717.309488000 6702.372710625
6717.323371625 6702.386594500
6717.337259625 6702.400482375
6717.351147500 6702.414370375
6717.365037250 6702.428260125
6717.378925125 6702.442148125
6717.392812375 6702.456035250
6717.406699875 6702.469922875
6717.420587500 6702.483810500
6717.434471500 6702.497694500
6717.448359125 6702.511582125
6717.462247125 6702.525470125
6717.476136875 6702.539360000
6717.490024625 6702.553247750
6717.503911750 6702.567134875
6717.517801750 6702.581024875
6717.531687750 6702.594911000
6717.545571250 6702.608794500
6717.559459250 6702.622682375
6717.573347125 6702.636570375
6717.587236625 6702.650459875
6717.601128750 6702.664352250
6717.615012625 6702.678236125
6717.628899000 6702.692122375
6717.642782750 6702.706006250
6717.656671000 6702.719894375
6717.670558875 6702.733782375
6717.684446750 6702.747670250
6717.698336625 6702.761560250
6717.712224375 6702.775448000
6717.726111875 6702.789335625
6717.739999125 6702.803222750
6717.753886625 6702.817110375
6717.767770625 6702.830994375
6717.781658750 6702.844882500
6717.795546625 6702.858770375
6717.809436500 6702.872660250
6717.823324125 6702.886548000
6717.837211750 6702.900435625
6717.851098875 6702.914322750
6717.864982500 6702.928206375
6717.878870500 6702.942094500
6717.892758500 6702.955982500
6717.906646500 6702.969870375
6717.920535875 6702.983759875
6717.934428000 6702.997652125
6717.948312000 6703.011536125
6717.962198375 6703.025422375
6717.976082000 6703.039306250
6717.989970125 6703.053194250
6718.003858125 6703.067082375
6718.017752500 6703.080976750
6718.031636750 6703.094861000
6718.045523125 6703.108747375
6718.059410750 6703.122635125
6718.073298250 6703.136522625
6718.087181750 6703.150406125
6718.101076500 6703.164301000
6718.114962000 6703.178186500
6718.128845750 6703.192070250
6718.142735875 6703.205960375
6718.156623500 6703.219848000
6718.170510750 6703.233735375
6718.184398375 6703.247623000
6718.198281500 6703.261506125
6718.212169500 6703.275394125
6718.226057500 6703.289282250
6718.239945500 6703.303170250
6718.253835750 6703.317060375
6718.267723250 6703.330948000
6718.281610375 6703.344835125
6718.295498250 6703.358723125
6718.309381250 6703.372606125
6718.323269250 6703.386494125
6718.337157250 6703.400382250
6718.351052000 6703.414277125
6718.364935875 6703.428160875
6718.378822250 6703.442047250
6718.392709750 6703.455934875
6718.406597500 6703.469822625
6718.420481250 6703.483706375
6718.434375750 6703.497600875
6718.448256875 6703.511482125
6718.462145000 6703.525370250
6718.476034875 6703.539260000
6718.489922375 6703.553147625
6718.503809625 6703.567034875
6718.517699625 6703.580925000
6718.531585750 6703.594811000
6718.545469000 6703.608694375
6718.559357000 6703.622582375
6718.573245000 6703.636470500
6718.587134875 6703.650360250
6718.601022500 6703.664247875
6718.614909750 6703.678135250
6718.628797500 6703.692023000
6718.642685000 6703.705910625
6718.656568750 6703.719794375
6718.670456625 6703.733682375
6718.684344750 6703.747570500
6718.698234250 6703.761460125
6718.712122250 6703.775348000
6718.726009500 6703.789235250
6718.739897125 6703.803123000
6718.753784750 6703.817010625
6718.767668500 6703.830894375
6718.781556250 6703.844782125
6718.795444250 6703.858670250
6718.809334125 6703.872560125
6718.823221625 6703.886447625
6718.837108875 6703.900334875
6718.850999000 6703.914225000
6718.864885000 6703.928111125
6718.878768375 6703.941994375
6718.892656250 6703.955882375
6718.906544250 6703.969770375
6718.920433750 6703.983660000
6718.934326000 6703.997552125
6718.948209875 6704.011436000
6718.962096125 6704.025322375
6718.975980125 6704.039206375
6718.989867875 6704.053094250
6719.003755875 6704.066982250
6719.017643750 6704.080870250
6719.031533875 6704.094760375
6719.045421375 6704.108647875
6719.059309000 6704.122535500
6719.073196250 6704.136422750
6719.087083875 6704.150310500
6719.100967750 6704.164194375
6719.114855750 6704.178082375
6719.128743750 6704.191970375
6719.142633625 6704.205860375
6719.156521250 6704.219748000
6719.170408750 6704.233635500
6719.184296000 6704.247522750
6719.198179750 6704.261406500
6719.212067625 6704.275294500
6719.225955625 6704.289182375
6719.239843500 6704.303070375
6719.253733125 6704.316960000
6719.267625250 6704.330852250
6719.281509125 6704.344736000
6719.295395375 6704.358622375
6719.309279375 6704.372506375
6719.323167250 6704.386394375
6719.337055125 6704.400282250
6719.350949625 6704.414176750
6719.364833875 6704.428061125
6719.378720250 6704.441947500
6719.392607750 6704.455835000
6719.406495375 6704.469722625
6719.420378875 6704.483606125
6719.434273750 6704.497501125
6719.448159125 6704.511386375
6719.462042750 6704.525270125
6719.475933000 6704.539160375
6719.489820625 6704.553048125
6719.503707875 6704.566935250
6719.517595375 6704.580822875
6719.531478625 6704.594706125
6719.545366750 6704.608594250
6719.559254625 6704.622482125
6719.573142625 6704.636370125
6719.587032750 6704.650260375
6719.600920500 6704.664148125
6719.614807375 6704.678035125
6719.628695375 6704.691923000
6719.642578375 6704.705806125
6719.656466375 6704.719694250
6719.670354375 6704.733582250
6719.684249125 6704.747477000
6719.698133000 6704.761360875
6719.712019375 6704.775247375
6719.725907000 6704.789135000
6719.739794500 6704.803022500
6719.753678375 6704.816906375
6719.767572875 6704.830801000
6719.781454125 6704.844682250
6719.795342125 6704.858570125
6719.809231875 6704.872460000
6719.823119625 6704.886347750
6719.837006750 6704.900235000
6719.850896750 6704.914124875
6719.864782750 6704.928011000
6719.878666125 6704.941894375
6719.892554250 6704.955782500
6719.906442125 6704.969670375
6719.920331875 6704.983560250
6719.934219500 6704.997447875
6719.948107000 6705.011335375
6719.961994500 6705.025222875
6719.975882125 6705.039110500
6719.989765750 6705.052994375
6720.003653875 6705.066882500
6720.017541875 6705.080770375
6720.031431375 6705.094660000
6720.045319500 6705.108548000
6720.059206625 6705.122435375
6720.073094250 6705.136322875
6720.086981750 6705.150210500
6720.100865625 6705.164094375
6720.114753375 6705.177982250
6720.128641375 6705.191870250
6720.142531250 6705.205760000
6720.156418875 6705.219647625
6720.170306125 6705.233535000
6720.184196000 6705.247425000
6720.198082125 6705.261311000
6720.211965375 6705.275194375
6720.225853500 6705.289082500
6720.239741375 6705.302970500
6720.253630875 6705.316859875
6720.267523125 6705.330752125
6720.281407000 6705.344636125
6720.295293375 6705.358522500
6720.309177125 6705.372406250
6720.323065000 6705.386294250
6720.336953000 6705.400182375
6720.350841000 6705.414070375
6720.364731000 6705.427960250
6720.378618500 6705.441847875
6720.392506125 6705.455735500
6720.406393500 6705.469622875
6720.420281000 6705.483510375
6720.434164875 6705.497394250
6720.448052875 6705.511282375
6720.461940875 6705.525170500
6720.475830750 6705.539060250
6720.489718375 6705.552947875
6720.503605875 6705.566835500
6720.517493250 6705.580722875
6720.531376750 6705.594606375
6720.545264750 6705.608494375
6720.559152625 6705.622382375
6720.573040750 6705.636270500
6720.586930000 6705.650160000
6720.600822375 6705.664052125
6720.614706250 6705.677936000
6720.628592500 6705.691822500
6720.642476500 6705.705706375
6720.656364250 6705.719594250
6720.670252250 6705.733482250
6720.684146750 6705.747376875
6720.698031000 6705.761261125
6720.711917250 6705.775147375
6720.725805000 6705.789035000
6720.739692625 6705.802922750
6720.753576000 6705.816806250
