 4
0
238
137
63
120
88
0
75
76
76
79
83
87
95
103
110
119
129
138
146
155
163
167
174
177
179
179
178
175
172
166
160
4
0
239
137
88
120
88
0
152
144
135
125
117
107
100
93
86
82
77
76
75
77
79
83
89
95
103
111
119
129
138
147
155
4
0
240
137
113
120
88
0
162
169
173
177
179
179
178
176
171
167
159
152
143
135
125
117
107
101
92
86
81
77
76
75
78
4
0
241
137
138
120
88
0
78
83
88
94
104
110
120
129
138
147
155
162
168
174
177
179
179
178
176
171
166
161
152
144
135
4
0
242
137
163
120
88
0
125
117
107
100
93
87
82
77
77
75
76
80
83
88
95
102
110
120
128
138
146
155
162
168
174
4
0
243
137
188
120
88
0
177
179
179
179
175
171
167
159
152
143
135
126
116
108
100
94
86
81
79
77
75
78
78
84
89
4
0
244
137
213
120
88
0
95
103
110
120
128
138
147
155
163
167
174
177
179
180
178
176
172
167
159
152
144
134
126
117
107
4
0
245
137
238
120
88
0
101
92
87
81
78
77
75
77
78
83
88
95
102
111
119
128
138
146
155
162
169
173
178
179
180
4
0
246
137
7
121
88
0
178
175
172
167
160
153
143
135
125
117
107
101
92
87
81
79
76
75
76
79
84
88
95
103
110
4
0
247
137
32
121
88
0
120
128
138
146
155
162
168
173
177
179
179
178
176
172
166
160
152
144
136
126
116
109
100
93
87
4
0
248
137
57
121
88
0
81
78
76
75
78
79
83
88
95
103
111
120
128
138
146
155
162
168
173
178
179
179
178
176
171
4
0
249
137
82
121
88
0
166
160
152
144
135
125
117
108
100
92
87
82
77
77
75
77
79
83
89
94
102
111
119
129
138
4
0
250
137
107
121
88
0
147
155
163
168
173
178
179
179
179
176
172
167
160
152
144
135
126
117
108
100
94
86
82
78
77
4
0
251
137
132
121
88
0
76
77
80
83
89
95
102
110
120
128
138
146
154
162
168
173
177
179
179
178
176
172
167
159
152
4
0
252
137
157
121
88
0
143
135
127
116
109
101
92
88
81
79
76
75
78
78
84
88
95
102
111
120
128
138
146
155
162
4
0
253
137
182
121
88
0
167
173
177
179
180
178
176
171
166
160
152
144
135
126
117
108
101
93
87
82
77
76
76
76
80
4
0
254
137
207
121
88
0
82
89
95
102
111
119
128
138
146
154
162
168
173
177
179
180
178
176
172
167
160
152
144
135
126
4
0
255
137
232
121
88
0
117
108
100
93
87
83
77
77
75
77
79
82
89
95
102
110
119
128
137
147
154
162
168
174
177
4
0
0
138
1
122
88
0
179
179
178
176
171
167
160
152
145
135
126
117
107
101
93
87
83
78
76
76
77
79
84
88
95
4
0
1
138
26
122
88
0
103
110
119
129
138
146
154
162
168
173
177
179
179
178
176
171
167
160
152
144
135
126
117
108
100
4
0
2
138
51
122
88
0
92
87
82
78
77
75
77
78
84
88
95
102
110
119
128
138
146
155
162
167
173
178
179
180
178
4
0
3
138
76
122
88
0
176
172
166
160
152
145
135
126
116
108
100
92
87
81
77
76
76
76
79
82
88
94
102
110
119
4
0
4
138
101
122
88
0
129
137
146
154
161
168
173
177
179
179
179
175
172
166
160
152
145
135
126
117
109
100
93
88
81
4
0
5
138
126
122
88
0
78
75
77
76
79
82
89
94
102
111
119
129
137
146
154
162
167
173
177
179
179
178
176
171
166
4
0
6
138
151
122
88
0
160
152
144
135
127
116
109
100
94
87
83
78
77
75
77
80
82
88
95
101
111
119
128
138
146
4
0
7
138
176
122
88
0
155
162
168
174
177
179
179
179
176
172
166
160
152
144
135
126
118
108
101
92
87
82
78
77
75
4
0
8
138
201
122
88
0
76
79
82
88
95
102
110
118
129
137
147
154
162
167
173
177
179
180
178
175
172
166
160
153
144
4
0
9
138
226
122
88
0
136
126
118
108
101
93
87
83
77
77
75
77
79
83
88
94
102
110
119
128
137
146
154
162
168
4
0
10
138
251
122
88
0
173
177
179
180
178
176
172
167
160
153
144
135
126
117
108
100
93
87
82
77
77
76
78
78
83
4
0
11
138
20
123
88
0
87
94
102
110
119
129
137
147
154
161
168
173
177
179
179
178
176
172
167
161
152
144
135
127
116
4
0
12
138
45
123
88
0
109
100
93
87
82
78
76
76
76
78
83
87
94
102
109
119
128
136
146
154
162
168
172
176
179
4
0
13
138
70
123
88
0
179
178
176
172
167
160
153
145
135
126
118
109
100
94
87
81
79
76
76
77
78
82
88
94
101
4
0
14
138
95
123
88
0
110
119
128
138
146
155
161
168
173
176
179
179
179
176
172
167
160
153
144
135
127
117
109
101
92
4
0
15
138
120
123
88
0
87
82
77
77
75
77
80
83
88
93
102
110
120
128
137
146
154
161
168
173
177
180
179
179
176
4
0
16
138
145
123
88
0
172
167
160
152
145
135
126
117
109
100
93
87
81
77
77
75
77
79
82
88
94
102
109
119
128
4
0
17
138
170
123
88
0
137
146
154
161
168
173
177
179
179
178
175
172
167
160
153
143
136
127
117
109
101
93
88
82
78
4
0
18
138
195
123
88
0
77
75
76
79
83
88
95
102
110
118
129
137
146
155
161
169
172
176
179
179
178
176
172
167
160
4
0
19
138
220
123
88
0
153
144
135
127
117
109
101
93
88
81
78
76
75
77
79
83
87
94
102
110
119
128
137
146
154
4
0
20
138
245
123
88
0
161
168
172
177
179
179
179
175
172
167
160
153
144
135
126
118
108
101
94
87
83
78
76
76
76
4
0
21
138
14
124
88
0
79
83
87
95
101
110
119
128
137
146
154
161
168
173
177
179
179
179
176
172
166
160
153
145
136
4
0
22
138
39
124
88
0
126
118
108
101
94
87
83
78
77
75
77
78
83
87
95
101
110
119
128
137
145
154
161
167
172
4
0
23
138
64
124
88
0
177
179
180
178
176
173
167
160
153
144
136
127
118
109
101
93
88
82
79
77
75
77
78
83
88
4
0
24
138
89
124
88
0
94
103
109
119
128
137
146
154
161
167
172
177
179
179
179
176
172
167
160
152
145
136
127
117
109
4
0
25
138
114
124
88
0
101
93
87
82
78
77
75
77
79
83
88
95
102
109
119
128
137
146
154
161
168
172
177
179
180
4
0
26
138
139
124
88
0
179
175
172
167
161
153
144
136
126
117
109
102
93
87
82
78
75
76
76
78
83
87
94
101
110
4
0
27
138
164
124
88
0
118
128
137
145
154
161
167
173
176
179
179
179
176
173
167
161
153
144
136
126
118
108
101
93
88
4
0
28
138
189
124
88
0
82
77
77
75
77
79
82
88
94
102
109
118
128
137
146
154
161
168
173
177
179
179
178
176
172
4
0
29
138
214
124
88
0
167
160
153
144
136
127
117
109
101
94
88
82
78
76
76
77
80
82
88
93
102
110
118
129
136
4
0
30
138
239
124
88
0
146
154
161
168
173
177
179
180
179
176
172
167
160
153
145
136
127
118
109
101
93
88
83
78
77
4
0
31
138
8
125
88
0
75
77
79
82
89
93
102
110
118
127
137
145
153
162
167
173
177
179
179
179
176
173
167
160
154
4
0
32
138
33
125
88
0
144
136
127
117
109
101
93
88
83
79
77
76
77
79
83
87
94
101
110
119
127
137
145
155
161
4
0
33
138
58
125
88
0
168
172
177
179
179
179
177
172
167
161
153
145
136
127
118
109
101
94
87
82
79
75
77
76
79
4
0
34
138
83
125
88
0
82
88
94
102
109
118
127
137
145
153
160
168
173
176
180
179
179
176
172
168
160
154
145
136
126
4
0
35
138
108
125
88
0
118
110
100
94
88
82
79
76
76
76
79
83
87
94
102
110
118
128
137
145
154
161
168
172
177
4
0
36
138
133
125
88
0
179
179
179
176
173
167
160
154
145
136
127
118
108
102
93
88
81
79
77
75
77
79
82
89
93
4
0
37
138
158
125
88
0
101
110
118
128
136
145
154
161
167
172
177
179
179
178
176
172
167
161
153
145
136
127
118
108
100
4
0
38
138
183
125
88
0
94
87
82
78
77
75
77
78
83
87
94
102
109
118
128
136
145
154
161
168
172
177
179
179
178
4
0
39
138
208
125
88
0
176
172
168
160
153
146
136
128
117
109
100
94
88
82
79
76
75
76
79
83
87
94
101
110
118
4
0
40
138
233
125
88
0
128
136
146
154
161
168
173
176
179
179
178
176
172
168
161
153
145
136
127
117
110
100
94
88
82
4
0
41
138
2
126
88
0
79
76
76
76
79
82
87
93
102
109
119
127
137
145
154
161
168
173
177
179
179
178
176
173
167
4
0
42
138
27
126
88
0
161
153
145
137
126
118
109
101
93
88
82
79
75
76
76
79
82
88
93
101
110
118
127
137
145
