 4
0
238
137
63
120
88
0
75
76
76
79
83
87
95
103
110
119
129
138
146
155
163
167
174
177
179
179
178
175
172
166
160
16
0
186
133
43
15
88
0
75
78
83
86
94
101
109
119
128
136
145
155
162
168
173
177
180
180
180
178
173
169
161
154
146
69
15
88
0
72
7
170
87
68
0
186
133
69
15
88
0
72
7
91
120
88
0
19
5
4
0
239
137
88
120
88
0
152
144
135
125
117
107
100
93
86
82
77
76
75
77
79
83
89
95
103
111
119
129
138
147
155
16
0
187
133
68
15
88
0
137
128
118
110
101
94
88
83
78
76
76
76
77
83
88
94
100
109
119
127
136
146
154
162
167
94
15
88
0
128
7
142
48
68
0
187
133
94
15
88
0
128
7
116
120
88
0
75
5
4
0
240
137
113
120
88
0
162
169
173
177
179
179
178
176
171
167
159
152
143
135
125
117
107
101
92
86
81
77
76
75
78
16
0
188
133
93
15
88
0
174
177
179
181
179
178
173
168
162
154
145
137
128
118
109
101
94
88
81
79
76
75
75
79
83
119
15
88
0
77
7
112
9
68
0
188
133
119
15
88
0
77
7
141
120
88
0
25
5
4
0
241
137
138
120
88
0
78
83
88
94
104
110
120
129
138
147
155
162
168
174
177
179
179
178
176
171
166
161
152
144
135
16
0
189
133
118
15
88
0
87
93
102
109
118
127
136
146
154
161
168
174
178
180
180
180
177
173
168
162
154
146
137
127
119
144
15
88
0
81
7
84
98
68
0
189
133
144
15
88
0
81
7
166
120
88
0
28
5
4
0
242
137
163
120
88
0
125
117
107
100
93
87
82
77
77
75
76
80
83
88
95
102
110
120
128
138
146
155
162
168
174
16
0
190
133
143
15
88
0
110
101
94
87
83
78
75
76
76
78
83
87
93
102
109
118
127
137
145
154
162
168
173
178
180
169
15
88
0
101
7
56
59
68
0
190
133
169
15
88
0
101
7
191
120
88
0
48
5
4
0
243
137
188
120
88
0
177
179
179
179
175
171
167
159
152
143
135
126
116
108
100
94
86
81
79
77
75
78
78
84
89
16
0
191
133
168
15
88
0
180
180
177
174
168
162
154
145
137
128
119
109
101
94
88
82
79
76
75
75
79
82
87
93
101
194
15
88
0
102
7
28
20
68
0
191
133
194
15
88
0
102
7
216
120
88
0
48
5
4
0
244
137
213
120
88
0
95
103
110
120
128
138
147
155
163
167
174
177
179
180
178
176
172
167
159
152
144
134
126
117
107
16
0
192
133
193
15
88
0
109
118
127
137
145
154
161
167
173
178
180
180
179
178
173
168
162
154
145
137
128
118
110
102
94
219
15
88
0
99
7
254
108
68
0
192
133
219
15
88
0
99
7
241
120
88
0
46
5
4
0
245
137
238
120
88
0
101
92
87
81
78
77
75
77
78
83
88
95
102
111
119
128
138
146
155
162
169
173
178
179
180
16
0
193
133
218
15
88
0
88
83
78
76
75
76
78
81
88
93
102
109
117
127
137
145
154
162
169
173
177
180
180
179
177
244
15
88
0
119
7
226
69
68
0
193
133
244
15
88
0
119
7
10
121
88
0
65
5
4
0
246
137
7
121
88
0
178
175
172
167
160
153
143
135
125
117
107
101
92
87
81
79
76
75
76
79
84
88
95
103
110
16
0
194
133
243
15
88
0
174
168
161
155
145
137
127
119
110
101
93
88
83
79
76
74
76
79
81
86
94
101
109
117
128
13
16
88
0
112
7
198
30
68
0
194
133
13
16
88
0
112
7
35
121
88
0
58
5
4
0
247
137
32
121
88
0
120
128
138
146
155
162
168
173
177
179
179
178
176
172
166
160
152
144
136
126
116
109
100
93
87
16
0
195
133
12
16
88
0
136
145
154
162
167
173
177
179
181
180
177
173
169
161
155
147
137
127
119
110
101
95
87
81
79
38
16
88
0
76
7
170
119
68
0
195
133
38
16
88
0
76
7
60
121
88
0
22
5
4
0
248
137
57
121
88
0
81
78
76
75
78
79
83
88
95
103
111
120
128
138
146
155
162
168
173
178
179
179
178
176
171
16
0
196
133
37
16
88
0
76
76
75
79
81
87
93
101
110
118
127
136
146
154
161
168
173
177
180
180
180
178
173
168
163
63
16
88
0
79
7
140
80
68
0
196
133
63
16
88
0
79
7
85
121
88
0
25
5
4
0
249
137
82
121
88
0
166
160
152
144
135
125
117
108
100
92
87
82
77
77
75
77
79
83
89
94
102
111
119
129
138
16
0
197
133
62
16
88
0
155
146
137
128
118
110
101
93
88
83
79
76
76
76
78
82
88
94
101
109
117
127
137
146
154
88
16
88
0
83
7
112
41
68
0
197
133
88
16
88
0
83
7
110
121
88
0
29
5
4
0
250
137
107
121
88
0
147
155
163
168
173
178
179
179
179
176
172
167
160
152
144
135
126
117
108
100
94
86
82
78
77
16
0
198
133
87
16
88
0
161
168
173
178
180
180
181
178
174
169
162
154
147
137
127
119
110
101
93
88
83
78
77
75
75
113
16
88
0
102
7
84
2
68
0
198
133
113
16
88
0
102
7
135
121
88
0
47
5
4
0
251
137
132
121
88
0
76
77
80
83
89
95
102
110
120
128
138
146
154
162
168
173
177
179
179
178
176
172
167
159
152
16
0
199
133
112
16
88
0
79
81
86
94
100
109
117
128
136
145
154
161
168
173
177
180
180
180
177
174
168
161
155
146
136
138
16
88
0
104
7
56
91
68
0
199
133
138
16
88
0
104
7
160
121
88
0
49
5
4
0
252
137
157
121
88
0
143
135
127
116
109
101
92
88
81
79
76
75
78
78
84
88
95
102
111
120
128
138
146
155
162
16
0
200
133
137
16
88
0
129
119
110
102
93
88
82
79
76
75
75
79
82
87
93
101
109
118
128
137
145
154
162
168
173
163
16
88
0
102
7
28
52
68
0
200
133
163
16
88
0
102
7
185
121
88
0
47
5
4
0
253
137
182
121
88
0
167
173
177
179
180
178
176
171
166
160
152
144
135
126
117
108
101
93
87
82
77
76
76
76
80
16
0
201
133
162
16
88
0
177
180
180
180
177
174
168
163
155
146
136
129
119
109
102
94
87
82
79
77
75
75
78
82
87
188
16
88
0
103
7
254
12
68
0
201
133
188
16
88
0
103
7
210
121
88
0
47
5
4
0
254
137
207
121
88
0
82
89
95
102
111
119
128
138
146
154
162
168
173
177
179
180
178
176
172
167
160
152
144
135
126
16
0
202
133
187
16
88
0
94
101
108
118
127
136
145
153
161
168
173
177
180
180
179
178
173
168
162
154
147
137
128
118
110
213
16
88
0
104
7
226
101
68
0
202
133
213
16
88
0
104
7
235
121
88
0
48
5
4
0
255
137
232
121
88
0
117
108
100
93
87
83
77
77
75
77
79
82
89
95
102
110
119
128
137
147
154
162
168
174
177
16
0
203
133
212
16
88
0
102
94
88
82
78
76
75
76
79
82
86
94
100
109
118
127
136
145
153
162
168
173
178
180
180
238
16
88
0
76
7
198
62
68
0
203
133
238
16
88
0
76
7
4
122
88
0
19
5
4
0
0
138
1
122
88
0
179
179
178
176
171
167
160
152
145
135
126
117
107
101
93
87
83
78
76
76
77
79
84
88
95
16
0
204
133
237
16
88
0
179
177
174
169
162
154
147
137
128
120
110
101
93
88
83
78
76
76
76
77
81
87
93
101
109
7
17
88
0
79
7
170
23
68
0
204
133
7
17
88
0
79
7
29
122
88
0
23
5
4
0
1
138
26
122
88
0
103
110
119
129
138
146
154
162
168
173
177
179
179
178
176
171
167
160
152
144
135
126
117
108
100
16
0
205
133
6
17
88
0
118
127
136
145
154
161
167
173
177
179
181
180
177
173
169
162
154
146
137
128
119
110
102
94
87
32
17
88
0
83
7
140
112
68
0
205
133
32
17
88
0
83
7
54
122
88
0
27
5
4
0
2
138
51
122
88
0
92
87
82
78
77
75
77
78
84
88
95
102
110
119
128
138
146
155
162
167
173
178
179
180
178
16
0
206
133
31
17
88
0
83
79
76
75
76
78
81
88
93
101
109
117
126
136
146
154
161
168
173
178
180
180
180
178
173
57
17
88
0
100
7
112
73
68
0
206
133
57
17
88
0
100
7
79
122
88
0
43
5
4
0
3
138
76
122
88
0
176
172
166
160
152
145
135
126
116
108
100
92
87
81
77
76
76
76
79
82
88
94
102
110
119
16
0
207
133
56
17
88
0
169
162
154
146
137
128
119
109
102
94
87
83
79
75
76
76
78
83
87
92
102
109
117
128
136
82
17
88
0
105
7
84
34
68
0
207
133
82
17
88
0
105
7
104
122
88
0
48
5
4
0
4
138
101
122
88
0
129
137
146
154
161
168
173
177
179
179
179
175
172
166
160
152
145
135
126
117
109
100
93
88
81
16
0
208
133
81
17
88
0
145
154
161
168
173
178
180
180
180
177
173
168
162
154
146
137
128
119
110
102
94
87
83
79
76
107
17
88
0
103
7
56
123
68
0
208
133
107
17
88
0
103
7
129
122
88
0
45
5
4
0
5
138
126
122
88
0
78
75
77
76
79
82
89
94
102
111
119
129
137
146
154
162
167
173
177
179
179
178
176
171
166
16
0
209
133
106
17
88
0
74
76
78
81
88
92
101
109
118
126
137
145
153
162
168
173
177
180
180
181
177
174
169
162
155
132
17
88
0
103
7
28
84
68
0
209
133
132
17
88
0
103
7
154
122
88
0
46
5
4
0
6
138
151
122
88
0
160
152
144
135
127
116
109
100
94
87
83
78
77
75
77
80
82
88
95
101
111
119
128
138
146
16
0
210
133
131
17
88
0
146
137
127
120
110
103
95
88
82
79
75
75
77
78
82
87
94
101
109
117
127
136
144
154
161
157
17
88
0
71
7
254
44
68
0
210
133
157
17
88
0
71
7
179
122
88
0
13
5
4
0
7
138
176
122
88
0
155
162
168
174
177
179
179
179
176
172
166
160
152
144
135
126
118
108
101
92
87
82
78
77
75
16
0
211
133
156
17
88
0
168
174
177
180
181
180
178
174
169
162
154
146
137
127
119
110
101
94
88
83
78
77
75
75
78
182
17
88
0
128
7
226
5
68
0
211
133
182
17
88
0
128
7
204
122
88
0
70
5
4
0
8
138
201
122
88
0
76
79
82
88
95
102
110
118
129
137
147
154
162
167
173
177
179
180
178
175
172
166
160
153
144
16
0
212
133
181
17
88
0
82
86
94
101
108
118
127
135
146
154
161
167
173
177
179
181
180
178
174
168
162
155
146
137
128
207
17
88
0
78
7
198
94
68
0
212
133
207
17
88
0
78
7
229
122
88
0
20
5
4
0
9
138
226
122
88
0
136
126
118
108
101
93
87
83
77
77
75
77
79
83
88
94
102
110
119
128
137
146
154
162
168
16
0
213
133
206
17
88
0
120
110
101
95
88
83
79
75
76
76
77
82
87
93
100
108
118
127
135
145
154
161
167
174
177
232
17
88
0
81
7
170
55
68
0
213
133
232
17
88
0
81
7
254
122
88
0
23
5
4
0
10
138
251
122
88
0
173
177
179
180
178
176
172
167
160
153
144
135
126
117
108
100
93
87
82
77
77
76
78
78
83
16
0
214
133
231
17
88
0
179
181
180
178
174
168
162
155
146
138
129
119
110
102
95
88
82
78
77
76
75
77
81
88
93
1
18
88
0
100
7
140
16
68
0
214
133
1
18
88
0
100
7
23
123
88
0
42
5
4
0
11
138
20
123
88
0
87
94
102
110
119
129
137
147
154
161
168
173
177
179
179
178
176
172
167
161
152
144
135
127
116
16
0
215
133
0
18
88
0
99
109
117
126
136
144
153
161
168
173
177
179
180
180
178
173
169
162
154
146
138
128
119
110
102
26
18
88
0
102
7
112
105
68
0
215
133
26
18
88
0
102
7
48
123
88
0
43
5
4
0
12
138
45
123
88
0
109
100
93
87
82
78
76
76
76
78
83
87
94
102
109
119
128
136
146
154
162
168
172
176
179
16
0
216
133
25
18
88
0
94
89
83
78
76
76
76
77
81
87
92
100
109
118
127
135
145
154
161
168
173
177
181
180
180
51
18
88
0
100
7
84
66
68
0
216
133
51
18
88
0
100
7
73
123
88
0
41
5
4
0
13
138
70
123
88
0
179
178
176
172
167
160
153
145
135
126
118
109
100
94
87
81
79
76
76
77
78
82
88
94
101
16
0
217
133
50
18
88
0
178
174
169
162
154
146
137
128
120
110
102
94
87
83
79
76
76
76
77
82
87
93
101
109
117
76
18
88
0
119
7
56
27
68
0
217
133
76
18
88
0
119
7
98
123
88
0
60
5
4
0
14
138
95
123
88
0
110
119
128
138
146
155
161
168
173
176
179
179
179
176
172
167
160
153
144
135
127
117
109
101
92
16
0
218
133
75
18
88
0
126
136
145
154
161
167
174
177
179
181
180
177
174
169
162
155
146
137
129
120
110
102
95
87
83
101
18
88
0
108
7
28
116
68
0
218
133
101
18
88
0
108
7
123
123
88
0
49
5
4
0
15
138
120
123
88
0
87
82
77
77
75
77
80
83
88
93
102
110
120
128
137
146
154
161
168
173
177
180
179
179
176
16
0
219
133
100
18
88
0
79
77
75
76
78
81
87
92
100
109
117
126
136
145
153
161
168
172
177
180
180
180
177
174
169
126
18
88
0
76
7
254
76
68
0
219
133
126
18
88
0
76
7
148
123
88
0
17
5
4
0
16
138
145
123
88
0
172
167
160
152
145
135
126
117
109
100
93
87
81
77
77
75
77
79
82
88
94
102
109
119
128
16
0
220
133
125
18
88
0
163
155
146
138
129
119
110
102
94
88
83
78
76
76
76
78
81
86
94
101
108
117
127
136
145
151
18
88
0
80
7
226
37
68
0
220
133
151
18
88
0
80
7
173
123
88
0
19
5
4
0
17
138
170
123
88
0
137
146
154
161
168
173
177
179
179
178
175
172
167
160
153
143
136
127
117
109
101
93
88
82
78
16
0
221
133
150
18
88
0
153
161
167
174
177
179
181
180
177
173
169
162
155
147
138
128
120
111
102
95
88
82
79
76
74
176
18
88
0
83
7
198
126
68
0
221
133
176
18
88
0
83
7
198
123
88
0
24
5
4
0
18
138
195
123
88
0
77
75
76
79
83
88
95
102
110
118
129
137
146
155
161
169
172
176
179
179
178
176
172
167
160
16
0
222
133
175
18
88
0
76
78
81
87
94
99
109
118
127
135
145
153
161
167
173
177
179
180
180
178
175
169
162
155
147
201
18
88
0
99
7
170
87
68
0
222
133
201
18
88
0
99
7
223
123
88
0
39
5
4
0
19
138
220
123
88
0
153
144
135
127
117
109
101
93
88
81
78
76
75
77
79
83
87
94
102
110
119
128
137
146
154
16
0
223
133
200
18
88
0
137
128
120
110
102
95
87
83
79
76
75
76
78
81
87
93
100
108
116
127
136
144
153
161
168
226
18
88
0
137
7
140
48
68
0
223
133
226
18
88
0
137
7
248
123
88
0
77
5
4
0
20
138
245
123
88
0
161
168
172
177
179
179
179
175
172
167
160
153
144
135
126
118
108
101
94
87
83
78
76
76
76
16
0
224
133
225
18
88
0
172
177
179
181
180
178
174
168
162
155
147
137
129
119
111
102
95
88
83
78
77
75
75
79
82
251
18
88
0
109
7
112
9
68
0
224
133
251
18
88
0
109
7
17
124
88
0
49
5
4
0
21
138
14
124
88
0
79
83
87
95
101
110
119
128
137
146
154
161
168
173
177
179
179
179
176
172
166
160
153
145
136
16
0
225
133
250
18
88
0
86
94
100
109
117
126
136
144
153
162
167
173
176
180
180
180
178
174
168
162
155
146
137
129
120
20
19
88
0
99
7
84
98
68
0
225
133
20
19
88
0
99
7
42
124
88
0
39
5
4
0
22
138
39
124
88
0
126
118
108
101
94
87
83
78
77
75
77
78
83
87
95
101
110
119
128
137
145
154
161
167
172
16
0
226
133
19
19
88
0
110
103
95
87
83
78
77
76
75
77
82
87
92
101
108
117
127
136
144
153
161
167
174
177
180
45
19
88
0
103
7
56
59
68
0
226
133
45
19
88
0
103
7
67
124
88
0
43
5
4
0
23
138
64
124
88
0
177
179
180
178
176
173
167
160
153
144
136
127
118
109
101
93
88
82
79
77
75
77
78
83
88
16
0
227
133
44
19
88
0
181
180
178
174
170
162
156
147
138
128
119
111
102
94
89
83
79
76
75
75
79
81
86
92
101
70
19
88
0
74
7
28
20
68
0
227
133
70
19
88
0
74
7
92
124
88
0
13
5
4
0
24
138
89
124
88
0
94
103
109
119
128
137
146
154
161
167
172
177
179
179
179
176
172
167
160
152
145
136
127
117
109
16
0
228
133
69
19
88
0
108
117
127
135
145
154
160
167
173
177
179
181
180
177
175
169
162
154
146
138
129
119
110
103
95
95
19
88
0
79
7
254
108
68
0
228
133
95
19
88
0
79
7
117
124
88
0
18
5
4
0
25
138
114
124
88
0
101
93
87
82
78
77
75
77
79
83
88
95
102
109
119
128
137
146
154
161
168
172
177
179
180
16
0
229
133
94
19
88
0
87
84
79
77
76
76
78
81
86
94
100
108
118
126
135
144
154
161
167
173
177
179
181
180
178
120
19
88
0
82
7
226
69
68
0
229
133
120
19
88
0
82
7
142
124
88
0
21
5
4
0
26
138
139
124
88
0
179
175
172
167
161
153
144
136
126
117
109
102
93
87
82
78
75
76
76
78
83
87
94
101
110
16
0
230
133
119
19
88
0
174
169
162
155
146
138
128
120
111
102
95
88
82
79
76
75
75
78
82
86
93
100
108
116
126
145
19
88
0
102
7
198
30
68
0
230
133
145
19
88
0
102
7
167
124
88
0
41
5
4
0
27
138
164
124
88
0
118
128
137
145
154
161
167
173
176
179
179
179
176
173
167
161
153
144
136
126
118
108
101
93
88
16
0
231
133
144
19
88
0
136
145
152
161
168
173
177
180
180
180
178
174
170
163
155
147
138
129
119
111
103
95
88
83
79
170
19
88
0
103
7
170
119
68
0
231
133
170
19
88
0
103
7
192
124
88
0
42
5
4
0
28
138
189
124
88
0
82
77
77
75
77
79
82
88
94
102
109
118
128
137
146
154
161
168
173
177
179
179
178
176
172
16
0
232
133
169
19
88
0
75
76
76
77
82
86
92
100
108
116
126
136
145
153
160
168
173
177
179
181
180
177
175
169
162
195
19
88
0
105
7
140
80
68
0
232
133
195
19
88
0
105
7
217
124
88
0
43
5
4
0
29
138
214
124
88
0
167
160
153
144
136
127
117
109
101
94
88
82
78
76
76
77
80
82
88
93
102
110
118
129
136
16
0
233
133
194
19
88
0
155
147
138
129
120
111
102
96
88
82
79
77
75
75
79
81
86
92
100
108
116
127
135
144
153
220
19
88
0
102
7
112
41
68
0
233
133
220
19
88
0
102
7
242
124
88
0
40
5
4
0
30
138
239
124
88
0
146
154
161
168
173
177
179
180
179
176
172
167
160
153
145
136
127
118
109
101
93
88
83
78
77
16
0
234
133
219
19
88
0
161
168
173
177
179
180
180
178
174
169
163
155
146
138
129
119
110
102
95
88
82
80
77
75
76
245
19
88
0
103
7
84
2
68
0
234
133
245
19
88
0
103
7
11
125
88
0
40
5
4
0
31
138
8
125
88
0
75
77
79
82
89
93
102
110
118
127
137
145
153
162
167
173
177
179
179
179
176
173
167
160
154
16
0
235
133
244
19
88
0
78
81
87
93
100
109
118
126
135
145
153
160
167
174
177
179
181
180
178
175
169
162
155
147
138
14
20
88
0
74
7
56
91
68
0
235
133
14
20
88
0
74
7
36
125
88
0
11
5
4
0
32
138
33
125
88
0
144
136
127
117
109
101
93
88
83
79
77
76
77
79
83
87
94
101
110
119
127
137
145
155
161
16
0
236
133
13
20
88
0
128
120
110
103
95
88
83
79
76
74
76
78
81
86
93
100
107
116
127
135
144
152
161
167
172
39
20
88
0
80
7
28
52
68
0
236
133
39
20
88
0
80
7
61
125
88
0
17
5
4
0
33
138
58
125
88
0
168
172
177
179
179
179
177
172
167
161
153
145
136
127
118
109
101
94
87
82
79
75
77
76
79
16
0
237
133
38
20
88
0
178
180
180
181
178
175
169
163
155
146
139
129
119
112
103
94
89
82
80
77
75
76
78
81
86
64
20
88
0
84
7
254
12
68
0
237
133
64
20
88
0
84
7
86
125
88
0
20
5
4
0
34
138
83
125
88
0
82
88
94
102
109
118
127
137
145
153
160
168
173
176
180
179
179
176
172
168
160
154
145
136
126
16
0
238
133
63
20
88
0
92
100
108
116
126
135
145
153
160
168
173
177
179
181
180
178
175
169
163
154
146
139
129
119
112
89
20
88
0
102
7
226
101
68
0
238
133
89
20
88
0
102
7
111
125
88
0
39
5
4
0
35
138
108
125
88
0
118
110
100
94
88
82
79
76
76
76
79
83
87
94
102
110
118
128
137
145
154
161
168
172
177
16
0
239
133
88
20
88
0
103
95
89
83
78
76
74
76
78
82
86
93
100
108
117
126
135
145
153
160
167
173
177
179
181
114
20
88
0
103
7
198
62
68
0
239
133
114
20
88
0
103
7
136
125
88
0
39
5
4
0
36
138
133
125
88
0
179
179
179
176
173
167
160
154
145
136
127
118
108
102
93
88
81
79
77
75
77
79
82
89
93
16
0
240
133
113
20
88
0
180
178
175
169
162
156
147
139
129
120
110
102
95
88
84
79
76
76
76
78
81
86
93
99
107
139
20
88
0
105
7
170
23
68
0
240
133
139
20
88
0
105
7
161
125
88
0
41
5
4
0
37
138
158
125
88
0
101
110
118
128
136
145
154
161
167
172
177
179
179
178
176
172
167
161
153
145
136
127
118
108
100
255
255
255
255
56
123
64
2
16
0
241
133
138
20
88
0
117
126
135
145
152
161
167
172
176
180
180
180
177
175
169
163
155
147
139
129
120
110
103
95
88
164
20
88
0
103
7
140
112
68
0
241
133
164
20
88
0
103
7
186
125
88
0
39
5
4
0
38
138
183
125
88
0
94
87
82
78
77
75
77
78
83
87
94
102
109
118
128
136
145
154
161
168
172
177
179
179
178
16
0
242
133
163
20
88
0
82
79
76
76
76
78
82
86
93
100
108
116
127
135
143
153
161
167
173
178
180
180
179
178
174
189
20
88
0
71
7
112
73
68
0
242
133
189
20
88
0
71
7
211
125
88
0
7
5
4
0
39
138
208
125
88
0
176
172
168
160
153
146
136
128
117
109
100
94
88
82
79
76
75
76
79
83
87
94
101
110
118
16
0
243
133
188
20
88
0
169
163
156
146
139
129
119
112
103
95
88
83
80
76
75
76
78
82
86
92
100
107
117
126
135
214
20
88
0
75
7
84
34
68
0
243
133
214
20
88
0
75
7
236
125
88
0
11
5
4
0
40
138
233
125
88
0
128
136
146
154
161
168
173
176
179
179
178
176
172
168
161
153
145
136
127
117
110
100
94
88
82
16
0
244
133
213
20
88
0
144
152
160
167
173
177
180
181
180
178
175
169
163
155
148
138
129
120
111
103
95
88
84
79
75
239
20
88
0
80
7
56
123
68
0
244
133
239
20
88
0
80
7
5
126
88
0
15
5
4
0
41
138
2
126
88
0
79
76
76
76
79
82
87
93
102
109
119
127
137
145
154
161
168
173
177
179
179
178
176
173
167
16
0
245
133
238
20
88
0
76
76
77
82
87
92
100
108
117
125
135
144
152
161
167
172
177
179
180
180
178
174
169
163
155
8
21
88
0
84
7
28
84
68
0
245
133
8
21
88
0
84
7
30
126
88
0
19
5
4
0
42
138
27
126
88
0
161
153
145
137
126
118
109
101
93
88
82
79
75
76
76
79
82
88
93
101
110
118
127
137
145
