 16
0
186
133
43
15
88
0
75
78
83
86
94
101
109
119
128
136
145
155
162
168
173
177
180
180
180
178
173
169
161
154
146
69
15
88
0
72
7
170
87
16
0
187
133
68
15
88
0
137
128
118
110
101
94
88
83
78
76
76
76
77
83
88
94
100
109
119
127
136
146
154
162
167
94
15
88
0
128
7
142
48
16
0
188
133
93
15
88
0
174
177
179
181
179
178
173
168
162
154
145
137
128
118
109
101
94
88
81
79
76
75
75
79
83
119
15
88
0
77
7
112
9
16
0
189
133
118
15
88
0
87
93
102
109
118
127
136
146
154
161
168
174
178
180
180
180
177
173
168
162
154
146
137
127
119
144
15
88
0
81
7
84
98
16
0
190
133
143
15
88
0
110
101
94
87
83
78
75
76
76
78
83
87
93
102
109
118
127
137
145
154
162
168
173
178
180
169
15
88
0
101
7
56
59
16
0
191
133
168
15
88
0
180
180
177
174
168
162
154
145
137
128
119
109
101
94
88
82
79
76
75
75
79
82
87
93
101
194
15
88
0
102
7
28
20
16
0
192
133
193
15
88
0
109
118
127
137
145
154
161
167
173
178
180
180
179
178
173
168
162
154
145
137
128
118
110
102
94
219
15
88
0
99
7
254
108
16
0
193
133
218
15
88
0
88
83
78
76
75
76
78
81
88
93
102
109
117
127
137
145
154
162
169
173
177
180
180
179
177
244
15
88
0
119
7
226
69
16
0
194
133
243
15
88
0
174
168
161
155
145
137
127
119
110
101
93
88
83
79
76
74
76
79
81
86
94
101
109
117
128
13
16
88
0
112
7
198
30
16
0
195
133
12
16
88
0
136
145
154
162
167
173
177
179
181
180
177
173
169
161
155
147
137
127
119
110
101
95
87
81
79
38
16
88
0
76
7
170
119
16
0
196
133
37
16
88
0
76
76
75
79
81
87
93
101
110
118
127
136
146
154
161
168
173
177
180
180
180
178
173
168
163
63
16
88
0
79
7
140
80
16
0
197
133
62
16
88
0
155
146
137
128
118
110
101
93
88
83
79
76
76
76
78
82
88
94
101
109
117
127
137
146
154
88
16
88
0
83
7
112
41
16
0
198
133
87
16
88
0
161
168
173
178
180
180
181
178
174
169
162
154
147
137
127
119
110
101
93
88
83
78
77
75
75
113
16
88
0
102
7
84
2
16
0
199
133
112
16
88
0
79
81
86
94
100
109
117
128
136
145
154
161
168
173
177
180
180
180
177
174
168
161
155
146
136
138
16
88
0
104
7
56
91
16
0
200
133
137
16
88
0
129
119
110
102
93
88
82
79
76
75
75
79
82
87
93
101
109
118
128
137
145
154
162
168
173
163
16
88
0
102
7
28
52
16
0
201
133
162
16
88
0
177
180
180
180
177
174
168
163
155
146
136
129
119
109
102
94
87
82
79
77
75
75
78
82
87
188
16
88
0
103
7
254
12
16
0
202
133
187
16
88
0
94
101
108
118
127
136
145
153
161
168
173
177
180
180
179
178
173
168
162
154
147
137
128
118
110
213
16
88
0
104
7
226
101
16
0
203
133
212
16
88
0
102
94
88
82
78
76
75
76
79
82
86
94
100
109
118
127
136
145
153
162
168
173
178
180
180
238
16
88
0
76
7
198
62
16
0
204
133
237
16
88
0
179
177
174
169
162
154
147
137
128
120
110
101
93
88
83
78
76
76
76
77
81
87
93
101
109
7
17
88
0
79
7
170
23
16
0
205
133
6
17
88
0
118
127
136
145
154
161
167
173
177
179
181
180
177
173
169
162
154
146
137
128
119
110
102
94
87
32
17
88
0
83
7
140
112
16
0
206
133
31
17
88
0
83
79
76
75
76
78
81
88
93
101
109
117
126
136
146
154
161
168
173
178
180
180
180
178
173
57
17
88
0
100
7
112
73
16
0
207
133
56
17
88
0
169
162
154
146
137
128
119
109
102
94
87
83
79
75
76
76
78
83
87
92
102
109
117
128
136
82
17
88
0
105
7
84
34
16
0
208
133
81
17
88
0
145
154
161
168
173
178
180
180
180
177
173
168
162
154
146
137
128
119
110
102
94
87
83
79
76
107
17
88
0
103
7
56
123
16
0
209
133
106
17
88
0
74
76
78
81
88
92
101
109
118
126
137
145
153
162
168
173
177
180
180
181
177
174
169
162
155
132
17
88
0
103
7
28
84
16
0
210
133
131
17
88
0
146
137
127
120
110
103
95
88
82
79
75
75
77
78
82
87
94
101
109
117
127
136
144
154
161
157
17
88
0
71
7
254
44
16
0
211
133
156
17
88
0
168
174
177
180
181
180
178
174
169
162
154
146
137
127
119
110
101
94
88
83
78
77
75
75
78
182
17
88
0
128
7
226
5
16
0
212
133
181
17
88
0
82
86
94
101
108
118
127
135
146
154
161
167
173
177
179
181
180
178
174
168
162
155
146
137
128
207
17
88
0
78
7
198
94
16
0
213
133
206
17
88
0
120
110
101
95
88
83
79
75
76
76
77
82
87
93
100
108
118
127
135
145
154
161
167
174
177
232
17
88
0
81
7
170
55
16
0
214
133
231
17
88
0
179
181
180
178
174
168
162
155
146
138
129
119
110
102
95
88
82
78
77
76
75
77
81
88
93
1
18
88
0
100
7
140
16
16
0
215
133
0
18
88
0
99
109
117
126
136
144
153
161
168
173
177
179
180
180
178
173
169
162
154
146
138
128
119
110
102
26
18
88
0
102
7
112
105
16
0
216
133
25
18
88
0
94
89
83
78
76
76
76
77
81
87
92
100
109
118
127
135
145
154
161
168
173
177
181
180
180
51
18
88
0
100
7
84
66
16
0
217
133
50
18
88
0
178
174
169
162
154
146
137
128
120
110
102
94
87
83
79
76
76
76
77
82
87
93
101
109
117
76
18
88
0
119
7
56
27
16
0
218
133
75
18
88
0
126
136
145
154
161
167
174
177
179
181
180
177
174
169
162
155
146
137
129
120
110
102
95
87
83
101
18
88
0
108
7
28
116
16
0
219
133
100
18
88
0
79
77
75
76
78
81
87
92
100
109
117
126
136
145
153
161
168
172
177
180
180
180
177
174
169
126
18
88
0
76
7
254
76
16
0
220
133
125
18
88
0
163
155
146
138
129
119
110
102
94
88
83
78
76
76
76
78
81
86
94
101
108
117
127
136
145
151
18
88
0
80
7
226
37
16
0
221
133
150
18
88
0
153
161
167
174
177
179
181
180
177
173
169
162
155
147
138
128
120
111
102
95
88
82
79
76
74
176
18
88
0
83
7
198
126
16
0
222
133
175
18
88
0
76
78
81
87
94
99
109
118
127
135
145
153
161
167
173
177
179
180
180
178
175
169
162
155
147
201
18
88
0
99
7
170
87
16
0
223
133
200
18
88
0
137
128
120
110
102
95
87
83
79
76
75
76
78
81
87
93
100
108
116
127
136
144
153
161
168
226
18
88
0
137
7
140
48
16
0
224
133
225
18
88
0
172
177
179
181
180
178
174
168
162
155
147
137
129
119
111
102
95
88
83
78
77
75
75
79
82
251
18
88
0
109
7
112
9
16
0
225
133
250
18
88
0
86
94
100
109
117
126
136
144
153
162
167
173
176
180
180
180
178
174
168
162
155
146
137
129
120
20
19
88
0
99
7
84
98
16
0
226
133
19
19
88
0
110
103
95
87
83
78
77
76
75
77
82
87
92
101
108
117
127
136
144
153
161
167
174
177
180
45
19
88
0
103
7
56
59
16
0
227
133
44
19
88
0
181
180
178
174
170
162
156
147
138
128
119
111
102
94
89
83
79
76
75
75
79
81
86
92
101
70
19
88
0
74
7
28
20
16
0
228
133
69
19
88
0
108
117
127
135
145
154
160
167
173
177
179
181
180
177
175
169
162
154
146
138
129
119
110
103
95
95
19
88
0
79
7
254
108
16
0
229
133
94
19
88
0
87
84
79
77
76
76
78
81
86
94
100
108
118
126
135
144
154
161
167
173
177
179
181
180
178
120
19
88
0
82
7
226
69
16
0
230
133
119
19
88
0
174
169
162
155
146
138
128
120
111
102
95
88
82
79
76
75
75
78
82
86
93
100
108
116
126
145
19
88
0
102
7
198
30
16
0
231
133
144
19
88
0
136
145
152
161
168
173
177
180
180
180
178
174
170
163
155
147
138
129
119
111
103
95
88
83
79
170
19
88
0
103
7
170
119
16
0
232
133
169
19
88
0
75
76
76
77
82
86
92
100
108
116
126
136
145
153
160
168
173
177
179
181
180
177
175
169
162
195
19
88
0
105
7
140
80
16
0
233
133
194
19
88
0
155
147
138
129
120
111
102
96
88
82
79
77
75
75
79
81
86
92
100
108
116
127
135
144
153
220
19
88
0
102
7
112
41
16
0
234
133
219
19
88
0
161
168
173
177
179
180
180
178
174
169
163
155
146
138
129
119
110
102
95
88
82
80
77
75
76
245
19
88
0
103
7
84
2
16
0
235
133
244
19
88
0
78
81
87
93
100
109
118
126
135
145
153
160
167
174
177
179
181
180
178
175
169
162
155
147
138
14
20
88
0
74
7
56
91
16
0
236
133
13
20
88
0
128
120
110
103
95
88
83
79
76
74
76
78
81
86
93
100
107
116
127
135
144
152
161
167
172
39
20
88
0
80
7
28
52
16
0
237
133
38
20
88
0
178
180
180
181
178
175
169
163
155
146
139
129
119
112
103
94
89
82
80
77
75
76
78
81
86
64
20
88
0
84
7
254
12
16
0
238
133
63
20
88
0
92
100
108
116
126
135
145
153
160
168
173
177
179
181
180
178
175
169
163
154
146
139
129
119
112
89
20
88
0
102
7
226
101
16
0
239
133
88
20
88
0
103
95
89
83
78
76
74
76
78
82
86
93
100
108
117
126
135
145
153
160
167
173
177
179
181
114
20
88
0
103
7
198
62
16
0
240
133
113
20
88
0
180
178
175
169
162
156
147
139
129
120
110
102
95
88
84
79
76
76
76
78
81
86
93
99
107
139
20
88
0
105
7
170
23
16
0
241
133
138
20
88
0
117
126
135
145
152
161
167
172
176
180
180
180
177
175
169
163
155
147
139
129
120
110
103
95
88
164
20
88
0
103
7
140
112
16
0
242
133
163
20
88
0
82
79
76
76
76
78
82
86
93
100
108
116
127
135
143
153
161
167
173
178
180
180
179
178
174
189
20
88
0
71
7
112
73
16
0
243
133
188
20
88
0
169
163
156
146
139
129
119
112
103
95
88
83
80
76
75
76
78
82
86
92
100
107
117
126
135
214
20
88
0
75
7
84
34
16
0
244
133
213
20
88
0
144
152
160
167
173
177
180
181
180
178
175
169
163
155
148
138
129
120
111
103
95
88
84
79
75
239
20
88
0
80
7
56
123
16
0
245
133
238
20
88
0
76
76
77
82
87
92
100
108
117
125
135
144
152
161
167
172
177
179
180
180
178
174
169
163
155
8
21
88
0
84
7
28
84
