 68
0
186
133
69
15
88
0
72
7
91
120
88
0
19
5
68
0
187
133
94
15
88
0
128
7
116
120
88
0
75
5
68
0
188
133
119
15
88
0
77
7
141
120
88
0
25
5
68
0
189
133
144
15
88
0
81
7
166
120
88
0
28
5
68
0
190
133
169
15
88
0
101
7
191
120
88
0
48
5
68
0
191
133
194
15
88
0
102
7
216
120
88
0
48
5
68
0
192
133
219
15
88
0
99
7
241
120
88
0
46
5
68
0
193
133
244
15
88
0
119
7
10
121
88
0
65
5
68
0
194
133
13
16
88
0
112
7
35
121
88
0
58
5
68
0
195
133
38
16
88
0
76
7
60
121
88
0
22
5
68
0
196
133
63
16
88
0
79
7
85
121
88
0
25
5
68
0
197
133
88
16
88
0
83
7
110
121
88
0
29
5
68
0
198
133
113
16
88
0
102
7
135
121
88
0
47
5
68
0
199
133
138
16
88
0
104
7
160
121
88
0
49
5
68
0
200
133
163
16
88
0
102
7
185
121
88
0
47
5
68
0
201
133
188
16
88
0
103
7
210
121
88
0
47
5
68
0
202
133
213
16
88
0
104
7
235
121
88
0
48
5
68
0
203
133
238
16
88
0
76
7
4
122
88
0
19
5
68
0
204
133
7
17
88
0
79
7
29
122
88
0
23
5
68
0
205
133
32
17
88
0
83
7
54
122
88
0
27
5
68
0
206
133
57
17
88
0
100
7
79
122
88
0
43
5
68
0
207
133
82
17
88
0
105
7
104
122
88
0
48
5
68
0
208
133
107
17
88
0
103
7
129
122
88
0
45
5
68
0
209
133
132
17
88
0
103
7
154
122
88
0
46
5
68
0
210
133
157
17
88
0
71
7
179
122
88
0
13
5
68
0
211
133
182
17
88
0
128
7
204
122
88
0
70
5
68
0
212
133
207
17
88
0
78
7
229
122
88
0
20
5
68
0
213
133
232
17
88
0
81
7
254
122
88
0
23
5
68
0
214
133
1
18
88
0
100
7
23
123
88
0
42
5
68
0
215
133
26
18
88
0
102
7
48
123
88
0
43
5
68
0
216
133
51
18
88
0
100
7
73
123
88
0
41
5
68
0
217
133
76
18
88
0
119
7
98
123
88
0
60
5
68
0
218
133
101
18
88
0
108
7
123
123
88
0
49
5
68
0
219
133
126
18
88
0
76
7
148
123
88
0
17
5
68
0
220
133
151
18
88
0
80
7
173
123
88
0
19
5
68
0
221
133
176
18
88
0
83
7
198
123
88
0
24
5
68
0
222
133
201
18
88
0
99
7
223
123
88
0
39
5
68
0
223
133
226
18
88
0
137
7
248
123
88
0
77
5
68
0
224
133
251
18
88
0
109
7
17
124
88
0
49
5
68
0
225
133
20
19
88
0
99
7
42
124
88
0
39
5
68
0
226
133
45
19
88
0
103
7
67
124
88
0
43
5
68
0
227
133
70
19
88
0
74
7
92
124
88
0
13
5
68
0
228
133
95
19
88
0
79
7
117
124
88
0
18
5
68
0
229
133
120
19
88
0
82
7
142
124
88
0
21
5
68
0
230
133
145
19
88
0
102
7
167
124
88
0
41
5
68
0
231
133
170
19
88
0
103
7
192
124
88
0
42
5
68
0
232
133
195
19
88
0
105
7
217
124
88
0
43
5
68
0
233
133
220
19
88
0
102
7
242
124
88
0
40
5
68
0
234
133
245
19
88
0
103
7
11
125
88
0
40
5
68
0
235
133
14
20
88
0
74
7
36
125
88
0
11
5
68
0
236
133
39
20
88
0
80
7
61
125
88
0
17
5
68
0
237
133
64
20
88
0
84
7
86
125
88
0
20
5
68
0
238
133
89
20
88
0
102
7
111
125
88
0
39
5
68
0
239
133
114
20
88
0
103
7
136
125
88
0
39
5
68
0
240
133
139
20
88
0
105
7
161
125
88
0
41
5
68
0
241
133
164
20
88
0
103
7
186
125
88
0
39
5
68
0
242
133
189
20
88
0
71
7
211
125
88
0
7
5
68
0
243
133
214
20
88
0
75
7
236
125
88
0
11
5
68
0
244
133
239
20
88
0
80
7
5
126
88
0
15
5
68
0
245
133
8
21
88
0
84
7
30
126
88
0
19
5
