 68
0
103
154
42
20
90
0
101
7
64
125
90
0
211
0
68
0
104
154
67
20
90
0
117
7
89
125
90
0
227
0
68
0
105
154
92
20
90
0
121
7
114
125
90
0
231
0
68
0
106
154
117
20
90
0
69
7
139
125
90
0
179
0
68
0
107
154
142
20
90
0
119
7
164
125
90
0
229
0
68
0
108
154
167
20
90
0
114
7
189
125
90
0
223
0
68
0
109
154
192
20
90
0
84
7
214
125
90
0
193
0
68
0
110
154
217
20
90
0
107
7
239
125
90
0
216
0
68
0
111
154
242
20
90
0
111
7
8
126
90
0
220
0
68
0
112
154
11
21
90
0
106
7
33
126
90
0
215
0
68
0
113
154
36
21
90
0
100
7
58
126
90
0
208
0
68
0
114
154
61
21
90
0
103
7
83
126
90
0
211
0
68
0
115
154
86
21
90
0
114
7
108
126
90
0
222
0
68
0
116
154
111
21
90
0
77
7
133
126
90
0
185
0
68
0
117
154
136
21
90
0
83
7
158
126
90
0
190
0
68
0
118
154
161
21
90
0
108
7
183
126
90
0
215
0
68
0
119
154
186
21
90
0
109
7
208
126
90
0
216
0
68
0
120
154
211
21
90
0
100
7
233
126
90
0
206
0
68
0
121
154
236
21
90
0
112
7
2
127
90
0
218
0
68
0
122
154
5
22
90
0
107
7
27
127
90
0
213
0
68
0
123
154
30
22
90
0
75
7
52
127
90
0
181
0
68
0
124
154
55
22
90
0
77
7
77
127
90
0
183
0
68
0
125
154
80
22
90
0
83
7
102
127
90
0
188
0
68
0
126
154
105
22
90
0
108
7
127
127
90
0
214
0
68
0
127
154
130
22
90
0
91
7
152
127
90
0
196
0
68
0
128
154
155
22
90
0
99
7
177
127
90
0
204
0
68
0
129
154
180
22
90
0
108
7
202
127
90
0
212
0
68
0
130
154
205
22
90
0
109
7
227
127
90
0
213
0
68
0
131
154
230
22
90
0
75
7
252
127
90
0
180
0
68
0
132
154
255
22
90
0
113
7
21
128
90
0
217
0
68
0
133
154
24
23
90
0
118
7
46
128
90
0
222
0
68
0
134
154
49
23
90
0
108
7
71
128
90
0
211
0
68
0
135
154
74
23
90
0
101
7
96
128
90
0
205
0
68
0
136
154
99
23
90
0
102
7
121
128
90
0
206
0
68
0
137
154
124
23
90
0
104
7
146
128
90
0
207
0
68
0
138
154
149
23
90
0
105
7
171
128
90
0
208
0
68
0
139
154
174
23
90
0
75
7
196
128
90
0
178
0
68
0
140
154
199
23
90
0
111
7
221
128
90
0
214
0
68
0
141
154
224
23
90
0
119
7
246
128
90
0
221
0
68
0
142
154
249
23
90
0
108
7
15
129
90
0
209
0
68
0
143
154
18
24
90
0
101
7
40
129
90
0
203
0
68
0
144
154
43
24
90
0
102
7
65
129
90
0
204
0
68
0
145
154
68
24
90
0
114
7
90
129
90
0
215
0
68
0
146
154
93
24
90
0
106
7
115
129
90
0
206
0
68
0
147
154
118
24
90
0
75
7
140
129
90
0
177
0
68
0
148
154
143
24
90
0
79
7
165
129
90
0
180
0
68
0
149
154
168
24
90
0
82
7
190
129
90
0
182
0
68
0
150
154
193
24
90
0
109
7
215
129
90
0
209
0
68
0
151
154
218
24
90
0
127
7
240
129
90
0
227
0
68
0
152
154
243
24
90
0
107
7
9
130
90
0
207
0
68
0
153
154
12
25
90
0
65
7
34
130
90
0
164
0
68
0
154
154
37
25
90
0
125
7
59
130
90
0
225
0
68
0
155
154
62
25
90
0
73
7
84
130
90
0
173
0
68
0
156
154
87
25
90
0
111
7
109
130
90
0
210
0
68
0
157
154
112
25
90
0
116
7
134
130
90
0
215
0
68
0
158
154
137
25
90
0
107
7
159
130
90
0
205
0
68
0
159
154
162
25
90
0
98
7
184
130
90
0
196
0
68
0
160
154
187
25
90
0
101
7
209
130
90
0
200
0
68
0
161
154
212
25
90
0
99
7
234
130
90
0
197
0
68
0
162
154
237
25
90
0
120
7
3
131
90
0
218
0
68
0
163
154
6
26
90
0
75
7
28
131
90
0
172
0
68
0
164
154
31
26
90
0
119
7
53
131
90
0
217
0
68
0
165
154
56
26
90
0
83
7
78
131
90
0
180
0
68
0
166
154
81
26
90
0
107
7
103
131
90
0
204
0
68
0
167
154
106
26
90
0
111
7
128
131
90
0
208
0
68
0
168
154
131
26
90
0
114
7
153
131
90
0
211
0
68
0
169
154
156
26
90
0
105
7
178
131
90
0
202
0
68
0
170
154
181
26
90
0
71
7
203
131
90
0
167
0
68
0
171
154
206
26
90
0
127
7
228
131
90
0
222
0
68
0
172
154
231
26
90
0
118
7
253
131
90
0
213
0
68
0
173
154
0
27
90
0
82
7
22
132
90
0
178
0
68
0
174
154
25
27
90
0
109
7
47
132
90
0
204
0
68
0
175
154
50
27
90
0
92
7
72
132
90
0
187
0
68
0
176
154
75
27
90
0
112
7
97
132
90
0
207
0
68
0
177
154
100
27
90
0
103
7
122
132
90
0
197
0
68
0
178
154
125
27
90
0
104
7
147
132
90
0
198
0
68
0
179
154
150
27
90
0
113
7
172
132
90
0
207
0
68
0
180
154
175
27
90
0
79
7
197
132
90
0
173
0
68
0
181
154
200
27
90
0
81
7
222
132
90
0
175
0
68
0
182
154
225
27
90
0
108
7
247
132
90
0
201
0
68
0
183
154
250
27
90
0
100
7
16
133
90
0
193
0
68
0
184
154
19
28
90
0
107
7
41
133
90
0
200
0
68
0
185
154
44
28
90
0
65
7
66
133
90
0
158
0
68
0
186
154
69
28
90
0
124
7
91
133
90
0
217
0
68
0
187
154
94
28
90
0
74
7
116
133
90
0
166
0
68
0
188
154
119
28
90
0
115
7
141
133
90
0
208
0
68
0
189
154
144
28
90
0
82
7
166
133
90
0
174
0
68
0
190
154
169
28
90
0
108
7
191
133
90
0
200
0
68
0
191
154
194
28
90
0
113
7
216
133
90
0
205
0
68
0
192
154
219
28
90
0
104
7
241
133
90
0
195
0
68
0
193
154
244
28
90
0
111
7
10
134
90
0
203
0
68
0
194
154
13
29
90
0
107
7
35
134
90
0
198
0
68
0
195
154
38
29
90
0
127
7
60
134
90
0
218
0
68
0
196
154
63
29
90
0
79
7
85
134
90
0
169
0
68
0
197
154
88
29
90
0
117
7
110
134
90
0
208
0
68
0
198
154
113
29
90
0
106
7
135
134
90
0
196
0
68
0
199
154
138
29
90
0
111
7
160
134
90
0
201
0
68
0
200
154
163
29
90
0
113
7
185
134
90
0
202
0
68
0
201
154
188
29
90
0
106
7
210
134
90
0
196
0
68
0
202
154
213
29
90
0
110
7
235
134
90
0
199
0
68
0
203
154
238
29
90
0
75
7
4
135
90
0
163
0
68
0
204
154
7
30
90
0
79
7
29
135
90
0
167
0
68
0
205
154
32
30
90
0
117
7
54
135
90
0
206
0
68
0
206
154
57
30
90
0
107
7
79
135
90
0
195
0
68
0
207
154
82
30
90
0
102
7
104
135
90
0
190
0
68
0
208
154
107
30
90
0
103
7
129
135
90
0
190
0
68
0
209
154
132
30
90
0
119
7
154
135
90
0
207
0
68
0
210
154
157
30
90
0
113
7
179
135
90
0
201
0
68
0
211
154
182
30
90
0
114
7
204
135
90
0
201
0
68
0
212
154
207
30
90
0
78
7
229
135
90
0
165
0
68
0
213
154
232
30
90
0
82
7
254
135
90
0
169
0
68
0
214
154
1
31
90
0
106
7
23
136
90
0
193
0
68
0
215
154
26
31
90
0
97
7
48
136
90
0
183
0
68
0
216
154
51
31
90
0
102
7
73
136
90
0
188
0
68
0
217
154
76
31
90
0
109
7
98
136
90
0
196
0
68
0
218
154
101
31
90
0
108
7
123
136
90
0
194
0
68
0
219
154
126
31
90
0
75
7
148
136
90
0
161
0
68
0
220
154
151
31
90
0
80
7
173
136
90
0
165
0
68
0
221
154
176
31
90
0
83
7
198
136
90
0
169
0
68
0
222
154
201
31
90
0
106
7
223
136
90
0
192
0
68
0
223
154
226
31
90
0
125
7
248
136
90
0
210
0
68
0
224
154
251
31
90
0
116
7
17
137
90
0
201
0
68
0
225
154
20
32
90
0
101
7
42
137
90
0
185
0
68
0
226
154
45
32
90
0
71
7
67
137
90
0
156
0
68
0
227
154
70
32
90
0
109
7
92
137
90
0
193
0
68
0
228
154
95
32
90
0
80
7
117
137
90
0
163
0
68
0
229
154
120
32
90
0
82
7
142
137
90
0
165
0
68
0
230
154
145
32
90
0
108
7
167
137
90
0
191
0
68
0
231
154
170
32
90
0
102
7
192
137
90
0
186
0
68
0
232
154
195
32
90
0
104
7
217
137
90
0
186
0
68
0
233
154
220
32
90
0
105
7
242
137
90
0
187
0
68
0
234
154
245
32
90
0
69
7
11
138
90
0
151
0
68
0
235
154
14
33
90
0
128
7
36
138
90
0
210
0
68
0
236
154
39
33
90
0
79
7
61
138
90
0
161
0
68
0
237
154
64
33
90
0
117
7
86
138
90
0
198
0
68
0
238
154
89
33
90
0
108
7
111
138
90
0
190
0
68
0
239
154
114
33
90
0
102
7
136
138
90
0
183
0
68
0
240
154
139
33
90
0
103
7
161
138
90
0
184
0
68
0
241
154
164
33
90
0
115
7
186
138
90
0
196
0
68
0
242
154
189
33
90
0
110
7
211
138
90
0
191
0
68
0
243
154
214
33
90
0
126
7
236
138
90
0
207
0
68
0
244
154
239
33
90
0
78
7
5
139
90
0
158
0
68
0
245
154
8
34
90
0
82
7
30
139
90
0
162
0
68
0
246
154
33
34
90
0
107
7
55
139
90
0
187
0
68
0
247
154
58
34
90
0
111
7
80
139
90
0
191
0
68
0
248
154
83
34
90
0
107
7
105
139
90
0
187
0
68
0
249
154
108
34
90
0
109
7
130
139
90
0
188
0
68
0
250
154
133
34
90
0
109
7
155
139
90
0
189
0
68
0
251
154
158
34
90
0
116
7
180
139
90
0
195
0
68
0
252
154
183
34
90
0
77
7
205
139
90
0
156
0
68
0
253
154
208
34
90
0
116
7
230
139
90
0
195
0
68
0
254
154
233
34
90
0
105
7
255
139
90
0
183
0
68
0
255
154
2
35
90
0
109
7
24
140
90
0
187
0
68
0
0
155
27
35
90
0
107
7
49
140
90
0
185
0
68
0
1
155
52
35
90
0
118
7
74
140
90
0
195
0
68
0
2
155
77
35
90
0
109
7
99
140
90
0
185
0
68
0
3
155
102
35
90
0
127
7
124
140
90
0
204
0
68
0
4
155
127
35
90
0
111
7
149
140
90
0
188
0
68
0
5
155
152
35
90
0
119
7
174
140
90
0
196
0
68
0
6
155
177
35
90
0
108
7
199
140
90
0
184
0
68
0
7
155
202
35
90
0
101
7
224
140
90
0
177
0
68
0
8
155
227
35
90
0
102
7
249
140
90
0
178
0
68
0
9
155
252
35
90
0
120
7
18
141
90
0
196
0
68
0
10
155
21
36
90
0
112
7
43
141
90
0
187
0
68
0
11
155
46
36
90
0
112
7
68
141
90
0
188
0
68
0
12
155
71
36
90
0
79
7
93
141
90
0
154
0
68
0
13
155
96
36
90
0
118
7
118
141
90
0
193
0
68
0
14
155
121
36
90
0
109
7
143
141
90
0
183
0
68
0
15
155
146
36
90
0
90
7
168
141
90
0
165
0
68
0
16
155
171
36
90
0
101
7
193
141
90
0
176
0
68
0
17
155
196
36
90
0
102
7
218
141
90
0
176
0
68
0
18
155
221
36
90
0
111
7
243
141
90
0
185
0
68
0
19
155
246
36
90
0
120
7
12
142
90
0
194
0
68
0
20
155
15
37
90
0
78
7
37
142
90
0
152
0
68
0
21
155
40
37
90
0
119
7
62
142
90
0
192
0
68
0
22
155
65
37
90
0
107
7
87
142
90
0
180
0
68
0
23
155
90
37
90
0
110
7
112
142
90
0
184
0
68
0
24
155
115
37
90
0
108
7
137
142
90
0
181
0
68
0
25
155
140
37
90
0
99
7
162
142
90
0
172
0
68
0
26
155
165
37
90
0
71
7
187
142
90
0
142
0
68
0
27
155
190
37
90
0
108
7
212
142
90
0
180
0
68
0
28
155
215
37
90
0
77
7
237
142
90
0
150
0
68
0
29
155
240
37
90
0
82
7
6
143
90
0
153
0
68
0
30
155
9
38
90
0
107
7
31
143
90
0
179
0
68
0
31
155
34
38
90
0
111
7
56
143
90
0
181
0
68
0
32
155
59
38
90
0
101
7
81
143
90
0
172
0
68
0
33
155
84
38
90
0
109
7
106
143
90
0
179
0
68
0
34
155
109
38
90
0
109
7
131
143
90
0
179
0
68
0
35
155
134
38
90
0
76
7
156
143
90
0
146
0
68
0
36
155
159
38
90
0
79
7
181
143
90
0
149
0
68
0
37
155
184
38
90
0
83
7
206
143
90
0
153
0
68
0
38
155
209
38
90
0
107
7
231
143
90
0
176
0
68
0
39
155
234
38
90
0
138
7
0
144
90
0
207
0
68
0
40
155
3
39
90
0
115
7
25
144
90
0
185
0
68
0
41
155
28
39
90
0
119
7
50
144
90
0
188
0
68
0
42
155
53
39
90
0
105
7
75
144
90
0
174
0
68
0
43
155
78
39
90
0
113
7
100
144
90
0
181
0
68
0
44
155
103
39
90
0
79
7
125
144
90
0
148
0
68
0
45
155
128
39
90
0
83
7
150
144
90
0
151
0
68
0
46
155
153
39
90
0
108
7
175
144
90
0
176
0
68
0
47
155
178
39
90
0
112
7
200
144
90
0
180
0
68
0
48
155
203
39
90
0
112
7
225
144
90
0
180
0
68
0
49
155
228
39
90
0
119
7
250
144
90
0
187
0
68
0
50
155
253
39
90
0
113
7
19
145
90
0
180
0
68
0
51
155
22
40
90
0
127
7
44
145
90
0
194
0
68
0
52
155
47
40
90
0
79
7
69
145
90
0
146
0
68
0
53
155
72
40
90
0
83
7
94
145
90
0
150
0
68
0
54
155
97
40
90
0
106
7
119
145
90
0
172
0
68
0
55
155
122
40
90
0
98
7
144
145
90
0
163
0
68
0
56
155
147
40
90
0
111
7
169
145
90
0
177
0
68
0
57
155
172
40
90
0
102
7
194
145
90
0
168
0
68
0
58
155
197
40
90
0
71
7
219
145
90
0
136
0
68
0
59
155
222
40
90
0
110
7
244
145
90
0
175
0
68
0
60
155
247
40
90
0
117
7
13
146
90
0
181
0
68
0
61
155
16
41
90
0
117
7
38
146
90
0
182
0
68
0
62
155
41
41
90
0
106
7
63
146
90
0
170
0
68
0
63
155
66
41
90
0
135
7
88
146
90
0
200
0
68
0
64
155
91
41
90
0
100
7
113
146
90
0
163
0
68
0
65
155
116
41
90
0
100
7
138
146
90
0
164
0
68
0
66
155
141
41
90
0
71
7
163
146
90
0
135
0
68
0
67
155
166
41
90
0
74
7
188
146
90
0
137
0
68
0
68
155
191
41
90
0
78
7
213
146
90
0
141
0
68
0
69
155
216
41
90
0
118
7
238
146
90
0
181
0
68
0
70
155
241
41
90
0
108
7
7
147
90
0
171
0
68
0
71
155
10
42
90
0
103
7
32
147
90
0
166
0
68
0
72
155
35
42
90
0
104
7
57
147
90
0
166
0
68
0
73
155
60
42
90
0
104
7
82
147
90
0
167
0
68
0
74
155
85
42
90
0
69
7
107
147
90
0
131
0
68
0
75
155
110
42
90
0
75
7
132
147
90
0
137
0
68
0
76
155
135
42
90
0
80
7
157
147
90
0
141
0
68
0
77
155
160
42
90
0
115
7
182
147
90
0
177
0
68
0
78
155
185
42
90
0
107
7
207
147
90
0
169
0
68
0
79
155
210
42
90
0
102
7
232
147
90
0
163
0
68
0
80
155
235
42
90
0
116
7
1
148
90
0
177
0
68
0
81
155
4
43
90
0
119
7
26
148
90
0
180
0
68
0
82
155
29
43
90
0
69
7
51
148
90
0
130
0
68
0
83
155
54
43
90
0
128
7
76
148
90
0
188
0
68
0
84
155
79
43
90
0
78
7
101
148
90
0
138
0
68
0
85
155
104
43
90
0
82
7
126
148
90
0
143
0
68
0
86
155
129
43
90
0
106
7
151
148
90
0
165
0
68
0
87
155
154
43
90
0
134
7
176
148
90
0
193
0
68
0
88
155
179
43
90
0
116
7
201
148
90
0
174
0
68
0
89
155
204
43
90
0
119
7
226
148
90
0
179
0
68
0
90
155
229
43
90
0
123
7
251
148
90
0
182
0
68
0
91
155
254
43
90
0
75
7
20
149
90
0
133
0
68
0
92
155
23
44
90
0
80
7
45
149
90
0
138
0
68
0
93
155
48
44
90
0
82
7
70
149
90
0
139
0
68
0
94
155
73
44
90
0
108
7
95
149
90
0
166
0
68
0
95
155
98
44
90
0
112
7
120
149
90
0
169
0
68
0
96
155
123
44
90
0
108
7
145
149
90
0
165
0
68
0
97
155
148
44
90
0
66
7
170
149
90
0
123
0
68
0
98
155
173
44
90
0
124
7
195
149
90
0
181
0
68
0
99
155
198
44
90
0
73
7
220
149
90
0
130
0
68
0
100
155
223
44
90
0
79
7
245
149
90
0
135
0
68
0
101
155
248
44
90
0
84
7
14
150
90
0
140
0
68
0
102
155
17
45
90
0
106
7
39
150
90
0
163
0
68
0
103
155
42
45
90
0
110
7
64
150
90
0
166
0
68
0
104
155
67
45
90
0
115
7
89
150
90
0
171
0
68
0
105
155
92
45
90
0
113
7
114
150
90
0
168
0
68
0
106
155
117
45
90
0
104
7
139
150
90
0
160
0
68
0
107
155
142
45
90
0
127
7
164
150
90
0
182
0
68
0
108
155
167
45
90
0
80
7
189
150
90
0
135
0
68
0
109
155
192
45
90
0
118
7
214
150
90
0
173
0
68
0
110
155
217
45
90
0
106
7
239
150
90
0
160
0
68
0
111
155
242
45
90
0
137
7
8
151
90
0
191
0
68
0
112
155
11
46
90
0
115
7
33
151
90
0
169
0
68
0
113
155
36
46
90
0
120
7
58
151
90
0
174
0
68
0
114
155
61
46
90
0
110
7
83
151
90
0
164
0
68
0
115
155
86
46
90
0
74
7
108
151
90
0
128
0
68
0
116
155
111
46
90
0
78
7
133
151
90
0
131
0
68
0
117
155
136
46
90
0
84
7
158
151
90
0
136
0
68
0
118
155
161
46
90
0
86
7
183
151
90
0
140
0
68
0
119
155
186
46
90
0
109
7
208
151
90
0
162
0
68
0
120
155
211
46
90
0
107
7
233
151
90
0
160
0
68
0
121
155
236
46
90
0
118
7
2
152
90
0
170
0
68
0
122
155
5
47
90
0
108
7
27
152
90
0
160
0
68
0
123
155
30
47
90
0
127
7
52
152
90
0
179
0
68
0
124
155
55
47
90
0
77
7
77
152
90
0
128
0
68
0
125
155
80
47
90
0
83
7
102
152
90
0
134
0
68
0
126
155
105
47
90
0
109
7
127
152
90
0
159
0
68
0
127
155
130
47
90
0
99
7
152
152
90
0
150
0
68
0
128
155
155
47
90
0
110
7
177
152
90
0
161
0
68
0
129
155
180
47
90
0
102
7
202
152
90
0
152
0
68
0
130
155
205
47
90
0
71
7
227
152
90
0
121
0
68
0
131
155
230
47
90
0
126
7
252
152
90
0
176
0
68
0
132
155
255
47
90
0
78
7
21
153
90
0
128
0
68
0
133
155
24
48
90
0
83
7
46
153
90
0
133
0
68
0
134
155
49
48
90
0
105
7
71
153
90
0
154
0
68
0
135
155
74
48
90
0
91
7
96
153
90
0
141
0
68
0
136
155
99
48
90
0
102
7
121
153
90
0
151
0
68
0
137
155
124
48
90
0
104
7
146
153
90
0
152
0
68
0
138
155
149
48
90
0
105
7
171
153
90
0
153
0
68
0
139
155
174
48
90
0
118
7
196
153
90
0
167
0
68
0
140
155
199
48
90
0
79
7
221
153
90
0
127
0
68
0
141
155
224
48
90
0
82
7
246
153
90
0
130
0
68
0
142
155
249
48
90
0
102
7
15
154
90
0
149
0
68
0
143
155
18
49
90
0
102
7
40
154
90
0
149
0
68
0
144
155
43
49
90
0
103
7
65
154
90
0
150
0
68
0
145
155
68
49
90
0
104
7
90
154
90
0
152
0
68
0
146
155
93
49
90
0
70
7
115
154
90
0
117
0
68
0
147
155
118
49
90
0
74
7
140
154
90
0
121
0
68
0
148
155
143
49
90
0
77
7
165
154
90
0
123
0
68
0
149
155
168
49
90
0
82
7
190
154
90
0
128
0
68
0
150
155
193
49
90
0
109
7
215
154
90
0
154
0
68
0
151
155
218
49
90
0
109
7
240
154
90
0
155
0
68
0
152
155
243
49
90
0
110
7
9
155
90
0
156
0
68
0
153
155
12
50
90
0
101
7
34
155
90
0
146
0
68
0
154
155
37
50
90
0
71
7
59
155
90
0
116
0
68
0
155
155
62
50
90
0
76
7
84
155
90
0
120
0
68
0
156
155
87
50
90
0
79
7
109
155
90
0
124
0
68
0
157
155
112
50
90
0
117
7
134
155
90
0
161
0
68
0
158
155
137
50
90
0
109
7
159
155
90
0
153
0
68
0
159
155
162
50
90
0
137
7
184
155
90
0
181
0
68
0
160
155
187
50
90
0
101
7
209
155
90
0
145
0
68
0
161
155
212
50
90
0
118
7
234
155
90
0
162
0
68
0
162
155
237
50
90
0
71
7
3
156
90
0
114
0
68
0
163
155
6
51
90
0
109
7
28
156
90
0
152
0
68
0
164
155
31
51
90
0
115
7
53
156
90
0
158
0
68
0
165
155
56
51
90
0
119
7
78
156
90
0
162
0
68
0
166
155
81
51
90
0
107
7
103
156
90
0
150
0
68
0
167
155
106
51
90
0
111
7
128
156
90
0
153
0
68
0
168
155
131
51
90
0
104
7
153
156
90
0
147
0
68
0
169
155
156
51
90
0
112
7
178
156
90
0
153
0
68
0
170
155
181
51
90
0
107
7
203
156
90
0
148
0
68
0
171
155
206
51
90
0
111
7
228
156
90
0
152
0
68
0
172
155
231
51
90
0
118
7
253
156
90
0
159
0
68
0
173
155
0
52
90
0
82
7
22
157
90
0
123
0
68
0
174
155
25
52
90
0
104
7
47
157
90
0
144
0
68
0
175
155
50
52
90
0
103
7
72
157
90
0
143
0
68
0
176
155
75
52
90
0
116
7
97
157
90
0
157
0
68
0
177
155
100
52
90
0
120
7
122
157
90
0
160
0
68
0
178
155
125
52
90
0
70
7
147
157
90
0
110
0
68
0
179
155
150
52
90
0
112
7
172
157
90
0
151
0
68
0
180
155
175
52
90
0
79
7
197
157
90
0
119
0
68
0
181
155
200
52
90
0
117
7
222
157
90
0
156
0
68
0
182
155
225
52
90
0
106
7
247
157
90
0
145
0
68
0
183
155
250
52
90
0
111
7
16
158
90
0
150
0
68
0
184
155
19
53
90
0
115
7
41
158
90
0
154
0
68
0
185
155
44
53
90
0
100
7
66
158
90
0
139
0
68
0
186
155
69
53
90
0
71
7
91
158
90
0
109
0
68
0
187
155
94
53
90
0
128
7
116
158
90
0
166
0
68
0
188
155
119
53
90
0
80
7
141
158
90
0
117
0
68
0
189
155
144
53
90
0
81
7
166
158
90
0
119
0
68
0
190
155
169
53
90
0
108
7
191
158
90
0
146
0
68
0
191
155
194
53
90
0
100
7
216
158
90
0
137
0
68
0
192
155
219
53
90
0
101
7
241
158
90
0
138
0
68
0
193
155
244
53
90
0
120
7
10
159
90
0
157
0
68
0
194
155
13
54
90
0
69
7
35
159
90
0
106
0
68
0
195
155
38
54
90
0
129
7
60
159
90
0
166
0
68
0
196
155
63
54
90
0
119
7
85
159
90
0
154
0
68
0
197
155
88
54
90
0
82
7
110
159
90
0
118
0
68
0
198
155
113
54
90
0
108
7
135
159
90
0
144
0
68
0
199
155
138
54
90
0
103
7
160
159
90
0
139
0
68
0
200
155
163
54
90
0
114
7
185
159
90
0
148
0
68
0
201
155
188
54
90
0
104
7
210
159
90
0
139
0
68
0
202
155
213
54
90
0
70
7
235
159
90
0
105
0
68
0
203
155
238
54
90
0
75
7
4
160
90
0
109
0
68
0
204
155
7
55
90
0
79
7
29
160
90
0
113
0
68
0
205
155
32
55
90
0
82
7
54
160
90
0
116
0
68
0
206
155
57
55
90
0
104
7
79
160
90
0
138
0
68
0
207
155
82
55
90
0
90
7
104
160
90
0
124
0
68
0
208
155
107
55
90
0
96
7
129
160
90
0
129
0
68
0
209
155
132
55
90
0
102
7
154
160
90
0
136
0
68
0
210
155
157
55
90
0
110
7
179
160
90
0
143
0
68
0
211
155
182
55
90
0
126
7
204
160
90
0
159
0
68
0
212
155
207
55
90
0
116
7
229
160
90
0
148
0
68
0
213
155
232
55
90
0
119
7
254
160
90
0
152
0
68
0
214
155
1
56
90
0
108
7
23
161
90
0
141
0
68
0
215
155
26
56
90
0
99
7
48
161
90
0
131
0
68
0
216
155
51
56
90
0
117
7
73
161
90
0
149
0
68
0
217
155
76
56
90
0
120
7
98
161
90
0
152
0
68
0
218
155
101
56
90
0
124
7
123
161
90
0
156
0
68
0
219
155
126
56
90
0
119
7
148
161
90
0
151
0
68
0
220
155
151
56
90
0
79
7
173
161
90
0
109
0
68
0
221
155
176
56
90
0
83
7
198
161
90
0
114
0
68
0
222
155
201
56
90
0
108
7
223
161
90
0
139
0
68
0
223
155
226
56
90
0
112
7
248
161
90
0
143
0
68
0
224
155
251
56
90
0
117
7
17
162
90
0
147
0
68
0
225
155
20
57
90
0
121
7
42
162
90
0
151
0
68
0
226
155
45
57
90
0
122
7
67
162
90
0
153
0
68
0
227
155
70
57
90
0
74
7
92
162
90
0
103
0
68
0
228
155
95
57
90
0
79
7
117
162
90
0
108
0
68
0
229
155
120
57
90
0
117
7
142
162
90
0
145
0
68
0
230
155
145
57
90
0
107
7
167
162
90
0
136
0
68
0
231
155
170
57
90
0
135
7
192
162
90
0
163
0
68
0
232
155
195
57
90
0
104
7
217
162
90
0
132
0
68
0
233
155
220
57
90
0
66
7
242
162
90
0
94
0
68
0
234
155
245
57
90
0
69
7
11
163
90
0
97
0
68
0
235
155
14
58
90
0
119
7
36
163
90
0
147
0
68
0
236
155
39
58
90
0
78
7
61
163
90
0
106
0
68
0
237
155
64
58
90
0
119
7
86
163
90
0
146
0
68
0
238
155
89
58
90
0
108
7
111
163
90
0
136
0
68
0
239
155
114
58
90
0
102
7
136
163
90
0
129
0
68
0
240
155
139
58
90
0
103
7
161
163
90
0
130
0
68
0
241
155
164
58
90
0
105
7
186
163
90
0
131
0
68
0
242
155
189
58
90
0
69
7
211
163
90
0
96
0
68
0
243
155
214
58
90
0
128
7
236
163
90
0
154
0
68
0
244
155
239
58
90
0
78
7
5
164
90
0
104
0
68
0
245
155
8
59
90
0
82
7
30
164
90
0
108
0
68
0
246
155
33
59
90
0
100
7
55
164
90
0
126
0
68
0
247
155
58
59
90
0
101
7
80
164
90
0
127
0
68
0
248
155
83
59
90
0
99
7
105
164
90
0
124
0
68
0
249
155
108
59
90
0
120
7
130
164
90
0
144
0
68
0
250
155
133
59
90
0
70
7
155
164
90
0
95
0
68
0
251
155
158
59
90
0
74
7
180
164
90
0
99
0
68
0
252
155
183
59
90
0
79
7
205
164
90
0
103
0
68
0
253
155
208
59
90
0
84
7
230
164
90
0
107
0
68
0
254
155
233
59
90
0
100
7
255
164
90
0
123
0
68
0
255
155
2
60
90
0
110
7
24
165
90
0
133
0
68
0
0
156
27
60
90
0
115
7
49
165
90
0
138
0
68
0
1
156
52
60
90
0
120
7
74
165
90
0
143
0
68
0
2
156
77
60
90
0
72
7
99
165
90
0
94
0
68
0
3
156
102
60
90
0
127
7
124
165
90
0
150
0
68
0
4
156
127
60
90
0
79
7
149
165
90
0
101
0
68
0
5
156
152
60
90
0
84
7
174
165
90
0
106
0
68
0
6
156
177
60
90
0
108
7
199
165
90
0
129
0
68
0
7
156
202
60
90
0
95
7
224
165
90
0
117
0
68
0
8
156
227
60
90
0
115
7
249
165
90
0
137
0
68
0
9
156
252
60
90
0
110
7
18
166
90
0
131
0
68
0
10
156
21
61
90
0
104
7
43
166
90
0
125
0
68
0
11
156
46
61
90
0
123
7
68
166
90
0
144
0
68
0
12
156
71
61
90
0
79
7
93
166
90
0
100
0
68
0
13
156
96
61
90
0
115
7
118
166
90
0
136
0
68
0
14
156
121
61
90
0
104
7
143
166
90
0
124
0
68
0
15
156
146
61
90
0
111
7
168
166
90
0
132
0
68
0
16
156
171
61
90
0
112
7
193
166
90
0
132
0
68
0
17
156
196
61
90
0
119
7
218
166
90
0
139
0
68
0
18
156
221
61
90
0
70
7
243
166
90
0
89
0
68
0
19
156
246
61
90
0
73
7
12
167
90
0
93
0
68
0
20
156
15
62
90
0
129
7
37
167
90
0
149
0
68
0
21
156
40
62
90
0
130
7
62
167
90
0
149
0
68
0
22
156
65
62
90
0
108
7
87
167
90
0
127
0
68
0
23
156
90
62
90
0
111
7
112
167
90
0
130
0
68
0
24
156
115
62
90
0
113
7
137
167
90
0
131
0
68
0
25
156
140
62
90
0
120
7
162
167
90
0
138
0
68
0
26
156
165
62
90
0
122
7
187
167
90
0
139
0
68
0
27
156
190
62
90
0
126
7
212
167
90
0
143
0
68
0
28
156
215
62
90
0
77
7
237
167
90
0
94
0
68
0
29
156
240
62
90
0
115
7
6
168
90
0
132
0
68
0
30
156
9
63
90
0
103
7
31
168
90
0
119
0
68
0
31
156
34
63
90
0
108
7
56
168
90
0
124
0
68
0
32
156
59
63
90
0
114
7
81
168
90
0
131
0
68
0
33
156
84
63
90
0
118
7
106
168
90
0
134
0
68
0
34
156
109
63
90
0
104
7
131
168
90
0
120
0
68
0
35
156
134
63
90
0
127
7
156
168
90
0
142
0
68
0
36
156
159
63
90
0
79
7
181
168
90
0
95
0
68
0
37
156
184
63
90
0
83
7
206
168
90
0
98
0
68
0
38
156
209
63
90
0
107
7
231
168
90
0
122
0
68
0
39
156
234
63
90
0
95
7
0
169
90
0
110
0
68
0
40
156
3
64
90
0
114
7
25
169
90
0
129
0
68
0
41
156
28
64
90
0
118
7
50
169
90
0
133
0
68
0
42
156
53
64
90
0
118
7
75
169
90
0
132
0
68
0
43
156
78
64
90
0
76
7
100
169
90
0
90
0
68
0
44
156
103
64
90
0
77
7
125
169
90
0
92
0
68
0
45
156
128
64
90
0
81
7
150
169
90
0
95
0
68
0
46
156
153
64
90
0
107
7
175
169
90
0
121
0
68
0
47
156
178
64
90
0
136
7
200
169
90
0
149
0
68
0
48
156
203
64
90
0
103
7
225
169
90
0
117
0
68
0
49
156
228
64
90
0
65
7
250
169
90
0
78
0
68
0
50
156
253
64
90
0
103
7
19
170
90
0
116
0
68
0
51
156
22
65
90
0
127
7
44
170
90
0
140
0
68
0
52
156
47
65
90
0
78
7
69
170
90
0
91
0
68
0
53
156
72
65
90
0
134
7
94
170
90
0
147
0
68
0
54
156
97
65
90
0
106
7
119
170
90
0
118
0
68
0
55
156
122
65
90
0
111
7
144
170
90
0
123
0
68
0
56
156
147
65
90
0
115
7
169
170
90
0
126
0
68
0
57
156
172
65
90
0
118
7
194
170
90
0
129
0
68
0
58
156
197
65
90
0
103
7
219
170
90
0
115
0
68
0
59
156
222
65
90
0
127
7
244
170
90
0
138
0
68
0
60
156
247
65
90
0
80
7
13
171
90
0
90
0
68
0
61
156
16
66
90
0
117
7
38
171
90
0
127
0
68
0
62
156
41
66
90
0
102
7
63
171
90
0
112
0
68
0
63
156
66
66
90
0
101
7
88
171
90
0
111
0
68
0
64
156
91
66
90
0
96
7
113
171
90
0
105
0
68
0
65
156
116
66
90
0
112
7
138
171
90
0
122
0
68
0
66
156
141
66
90
0
123
7
163
171
90
0
132
0
68
0
67
156
166
66
90
0
76
7
188
171
90
0
85
0
68
0
68
156
191
66
90
0
80
7
213
171
90
0
89
0
68
0
69
156
216
66
90
0
115
7
238
171
90
0
124
0
68
0
70
156
241
66
90
0
106
7
7
172
90
0
115
0
68
0
71
156
10
67
90
0
138
7
32
172
90
0
146
0
68
0
72
156
35
67
90
0
116
7
57
172
90
0
124
0
68
0
73
156
60
67
90
0
119
7
82
172
90
0
127
0
68
0
74
156
85
67
90
0
71
7
107
172
90
0
79
0
68
0
75
156
110
67
90
0
75
7
132
172
90
0
83
0
68
0
76
156
135
67
90
0
123
7
157
172
90
0
130
0
68
0
77
156
160
67
90
0
81
7
182
172
90
0
89
0
68
0
78
156
185
67
90
0
108
7
207
172
90
0
115
0
68
0
79
156
210
67
90
0
112
7
232
172
90
0
119
0
68
0
80
156
235
67
90
0
117
7
1
173
90
0
122
0
68
0
81
156
4
68
90
0
104
7
26
173
90
0
110
0
68
0
82
156
29
68
90
0
69
7
51
173
90
0
76
0
68
0
83
156
54
68
90
0
128
7
76
173
90
0
133
0
68
0
84
156
79
68
90
0
79
7
101
173
90
0
85
0
68
0
85
156
104
68
90
0
81
7
126
173
90
0
86
0
68
0
86
156
129
68
90
0
100
7
151
173
90
0
105
0
68
0
87
156
154
68
90
0
101
7
176
173
90
0
106
0
68
0
88
156
179
68
90
0
116
7
201
173
90
0
120
0
68
0
89
156
204
68
90
0
114
7
226
173
90
0
118
0
68
0
90
156
229
68
90
0
115
7
251
173
90
0
119
0
68
0
91
156
254
68
90
0
128
7
20
174
90
0
132
0
68
0
92
156
23
69
90
0
130
7
45
174
90
0
133
0
68
0
93
156
48
69
90
0
83
7
70
174
90
0
86
0
68
0
94
156
73
69
90
0
101
7
95
174
90
0
105
0
68
0
95
156
98
69
90
0
136
7
120
174
90
0
139
0
68
0
96
156
123
69
90
0
111
7
145
174
90
0
114
0
68
0
97
156
148
69
90
0
121
7
170
174
90
0
123
0
68
0
98
156
173
69
90
0
124
7
195
174
90
0
127
0
68
0
99
156
198
69
90
0
125
7
220
174
90
0
128
0
68
0
100
156
223
69
90
0
78
7
245
174
90
0
80
0
68
0
101
156
248
69
90
0
119
7
14
175
90
0
121
0
68
0
102
156
17
70
90
0
105
7
39
175
90
0
107
0
68
0
103
156
42
70
90
0
112
7
64
175
90
0
114
0
68
0
104
156
67
70
90
0
62
7
89
175
90
0
63
0
68
0
105
156
92
70
90
0
121
7
114
175
90
0
122
0
68
0
106
156
117
70
90
0
69
7
139
175
90
0
71
0
68
0
107
156
142
70
90
0
128
7
164
175
90
0
129
0
68
0
108
156
167
70
90
0
78
7
189
175
90
0
79
0
68
0
109
156
192
70
90
0
118
7
214
175
90
0
118
0
68
0
110
156
217
70
90
0
105
7
239
175
90
0
106
0
68
0
111
156
242
70
90
0
112
7
8
176
90
0
112
0
68
0
112
156
11
71
90
0
116
7
33
176
90
0
115
0
68
0
113
156
36
71
90
0
121
7
58
176
90
0
120
0
68
0
114
156
61
71
90
0
70
7
83
176
90
0
69
0
68
0
115
156
86
71
90
0
120
7
108
176
90
0
119
0
68
0
116
156
111
71
90
0
78
7
133
176
90
0
76
0
68
0
117
156
136
71
90
0
83
7
158
176
90
0
81
0
68
0
118
156
161
71
90
0
108
7
183
176
90
0
107
0
68
0
119
156
186
71
90
0
130
7
208
176
90
0
128
0
68
0
120
156
211
71
90
0
114
7
233
176
90
0
112
0
68
0
121
156
236
71
90
0
119
7
2
177
90
0
116
0
68
0
122
156
5
72
90
0
123
7
27
177
90
0
120
0
68
0
123
156
30
72
90
0
117
7
52
177
90
0
114
0
68
0
124
156
55
72
90
0
78
7
77
177
90
0
75
0
68
0
125
156
80
72
90
0
135
7
102
177
90
0
132
0
68
0
126
156
105
72
90
0
103
7
127
177
90
0
99
0
68
0
127
156
130
72
90
0
100
7
152
177
90
0
97
0
68
0
128
156
155
72
90
0
105
7
177
177
90
0
101
0
68
0
129
156
180
72
90
0
110
7
202
177
90
0
106
0
68
0
130
156
205
72
90
0
71
7
227
177
90
0
67
0
68
0
131
156
230
72
90
0
126
7
252
177
90
0
122
0
68
0
132
156
255
72
90
0
79
7
21
178
90
0
75
0
68
0
133
156
24
73
90
0
116
7
46
178
90
0
111
0
68
0
134
156
49
73
90
0
104
7
71
178
90
0
99
0
68
0
135
156
74
73
90
0
104
7
96
178
90
0
98
0
68
0
136
156
99
73
90
0
96
7
121
178
90
0
90
0
68
0
137
156
124
73
90
0
120
7
146
178
90
0
114
0
68
0
138
156
149
73
90
0
125
7
171
178
90
0
118
0
68
0
139
156
174
73
90
0
128
7
196
178
90
0
122
0
68
0
140
156
199
73
90
0
77
7
221
178
90
0
70
0
68
0
141
156
224
73
90
0
82
7
246
178
90
0
75
0
68
0
142
156
249
73
90
0
106
7
15
179
90
0
98
0
68
0
143
156
18
74
90
0
91
7
40
179
90
0
84
0
68
0
144
156
43
74
90
0
96
7
65
179
90
0
89
0
68
0
145
156
68
74
90
0
67
7
90
179
90
0
59
0
68
0
146
156
93
74
90
0
70
7
115
179
90
0
62
0
68
0
147
156
118
74
90
0
73
7
140
179
90
0
65
0
68
0
148
156
143
74
90
0
77
7
165
179
90
0
69
0
68
0
149
156
168
74
90
0
136
7
190
179
90
0
128
0
68
0
150
156
193
74
90
0
109
7
215
179
90
0
100
0
68
0
151
156
218
74
90
0
112
7
240
179
90
0
104
0
68
0
152
156
243
74
90
0
116
7
9
180
90
0
107
0
68
0
153
156
12
75
90
0
120
7
34
180
90
0
111
0
68
0
154
156
37
75
90
0
125
7
59
180
90
0
115
0
