23572 6698.289548500 5.982909     -1020.00000 -1020.00000 -1020.00000 +1020.00000 +1019.96875    -1020.00000 +1020.00000 +1019.96875 -1020.03125 -1020.03125 1
23573 6698.303436000 4.063132     -1020.03125 -1020.03125 -1020.00000 +1019.96875 -1020.00000    -1020.03125 +1020.00000 +1019.96875 +1020.00000 -1020.00000 1
23574 6698.317323500 2.143355     -1020.03125 +1020.00000 -1020.03125 -1020.00000 +1020.00000    -1020.03125 -1020.03125 -1020.00000 +1020.00000 -1020.03125 1
23575 6698.331211000 0.223578     -1020.00000 +1019.96875 +1019.96875 -1020.03125 -1020.00000    +1020.00000 -1020.03125 -1020.00000 +1020.00000 +1020.00000 1
23576 6698.345098500 4.586603     -1020.03125 -1020.03125 -1020.03125 -1020.00000 -1020.00000    -1020.03125 -1020.00000 -1020.00000 +1020.00000 -1020.03125 1
23577 6698.358986000 2.666826     -1020.00000 +1020.00000 -1020.03125 -1020.00000 -1020.00000    +1020.00000 +1020.00000 +1019.96875 +1020.00000 +1019.96875 1
23578 6698.372873500 0.747049     -1020.03125 -1020.00000 +1020.00000 +1019.96875 -1020.03125    -1020.00000 -1020.03125 -1020.03125 -1020.03125 +1020.00000 1
23579 6698.386761000 5.110457     +1020.00000 +1020.00000 +1020.00000 +1019.96875 -1020.00000    +1020.03125 -1020.00000 -1019.96875 -1020.00000 +1020.00000 1
23580 6698.400648500 3.190680     +1020.00000 +1020.00000 -1020.03125 -1019.96875 -1020.03125    +1020.00000 -1020.03125 +1020.00000 +1019.96875 -1020.03125 1
23581 6698.414536000 1.270520     -1020.03125 -1020.00000 +1020.00000 +1019.96875 -1020.03125    -1020.03125 +1019.96875 -1020.03125 -1020.00000 -1020.00000 1
23582 6698.428423500 5.633928     -1020.00000 +1020.00000 +1019.96875 +1019.96875 +1019.96875    +1020.00000 -1020.03125 -1020.00000 -1020.00000 -1020.03125 1
23583 6698.442311000 3.714151     -1020.03125 -1020.00000 -1020.00000 +1019.96875 -1012.03125    -1020.03125 +1020.00000 +1020.00000 -1020.03125 -1020.00000 1
23584 6698.456198500 1.794374     -1020.00000 -1020.00000 -1020.00000 -1020.00000 +1020.00000    -1020.03125 +1020.00000 +1019.96875 -1020.03125 +1020.00000 1
23585 6698.470086000 6.157399     +1020.00000 +1020.00000 +1020.00000 +1020.00000 +1020.00000    +1020.00000 -1012.03125 -1020.03125 -1020.03125 -1020.00000 1
23586 6698.483973500 4.237622     +1020.00000 -1020.03125 -1020.00000 -1020.00000 +1020.00000    -1020.00000 +1020.00000 +1020.00000 +1019.96875 -1020.00000 1
23587 6698.497861000 2.317845     +1020.00000 -1020.00000 -1020.00000 +1020.00000 +1020.00000    -1020.03125 -1020.00000 +1020.00000 -1020.03125 -1020.03125 1
23588 6698.511748500 0.398068     -1020.00000 -1020.00000 +1020.00000 +1020.00000 -1020.03125    -1020.03125 +1020.00000 -1020.00000 -1019.96875 +1020.00000 1
23589 6698.525636000 4.761476     -1020.03125 +1020.00000 +1020.00000 -1020.03125 -1020.00000    -1020.03125 -1020.03125 -1020.03125 -1020.03125 -1020.03125 1
23590 6698.539523500 2.841316     -1020.00000 -1020.00000 +1020.00000 -1020.00000 -1020.00000    -1020.00000 -1020.03125 -1020.00000 -1020.00000 +1020.00000 1
23591 6698.553411000 0.921539     -1020.00000 -1020.03125 -1020.03125 +1020.00000 -1020.03125    +1020.00000 -1020.03125 +1020.00000 +1020.00000 -1020.03125 1
23592 6698.567298500 5.284947     -1020.00000 -1020.03125 -1020.00000 -1020.00000 -1020.00000    -1020.03125 -1020.00000 -1020.00000 -1020.03125 +1020.00000 1
23593 6698.581186000 3.365170     -1020.00000 -1020.00000 -1020.00000 -1020.00000 +1020.00000    +1020.00000 -1012.03125 +1019.96875 -1020.03125 -1020.00000 1
23594 6698.595073500 1.445010     +1020.00000 -1020.03125 -1020.03125 -1020.00000 +1020.00000    +1020.00000 -1020.00000 +1020.00000 +1019.96875 +1020.00000 1
23595 6698.608961000 5.808418     -1020.00000 -1020.00000 +1020.00000 +1019.96875 +1020.00000    -1020.03125 -1020.03125 -1020.03125 -1020.00000 -1020.03125 1
23596 6698.622848500 3.888641     -1020.00000 -1020.00000 +1020.00000 +1020.00000 +1019.96875    -1020.00000 +1020.00000 -1020.03125 -1020.03125 -1020.00000 1
23597 6698.636736000 1.968864     -1020.00000 +1020.00000 +1019.96875 +1019.96875 -1020.03125    -1020.00000 -1020.03125 -1020.00000 -1020.00000 -1020.00000 1
23598 6698.650623500 0.048704     -1020.03125 +1020.00000 +1020.00000 +1020.00000 -1020.03125    +1020.00000 +1019.96875 -1020.03125 -1020.03125 -1020.00000 1
23599 6698.664511000 4.412112     -1020.00000 +1020.00000 -1020.03125 -1020.00000 -1020.03125    -1020.00000 -1012.03125 -1020.03125 -1020.00000 +1020.00000 1
23600 6698.678398500 2.492335     +1020.00000 +1019.96875 -1020.03125 -1019.96875 -1020.00000    +1020.00000 -1020.00000 -1020.00000 +1020.00000 -1020.03125 1
23601 6698.692286000 0.572558     +1020.00000 -1020.03125 -1020.00000 +1020.00000 +1020.00000    -1020.03125 +1020.00000 +1020.00000 -1020.03125 -1020.00000 1
23602 6698.706173500 4.935967     +1019.96875 -1020.03125 -1020.03125 -1020.03125 +1020.00000    -1020.03125 -1020.00000 +1020.00000 -1020.00000 -1020.03125 1
23603 6698.720061000 3.015806     -1020.03125 -1020.00000 +1020.00000 +1020.00000 +1019.96875    -1020.03125 +1020.00000 -1020.03125 -1020.03125 -1020.03125 1
23604 6698.733948500 1.096029     -1020.00000 -1020.03125 -1020.00000 +1019.96875 -1020.03125    -1020.03125 -1020.00000 +1020.00000 -1020.03125 -1020.00000 1
23605 6698.747836000 5.459438     -1020.03125 -1020.03125 +1020.00000 -1020.03125 -1020.00000    -1020.03125 +1020.00000 -1020.03125 +1020.00000 +1020.00000 1
23606 6698.761723500 3.539661     -1020.00000 +1020.00000 +1020.00000 -1020.03125 -1020.03125    +1020.00000 +1019.96875 -1020.03125 -1020.00000 -1020.00000 1
23607 6698.775611000 1.619500     -1020.00000 -1020.03125 -1020.03125 +1019.96875 +1020.00000    -1020.00000 -1020.00000 -1020.00000 -1020.00000 -1020.03125 1
23608 6698.789498500 5.982909     -1020.03125 +1020.00000 -1020.03125 -1020.03125 -1020.03125    -1020.00000 -1020.03125 -1020.00000 +1020.00000 -1020.00000 1
23609 6698.803386000 4.063132     -1020.03125 -1020.00000 -1020.00000 -1020.03125 -1020.00000    -1020.00000 -1020.03125 +1019.96875 +1020.00000 +1019.96875 1
23610 6698.817273500 2.143355     +1020.00000 -1020.03125 -1020.00000 -1020.00000 -1020.03125    +1020.00000 +1020.00000 +1020.00000 +1019.96875 +1020.00000 1
23611 6698.831161000 0.223578     -1020.03125 -1020.00000 -1020.00000 -1020.00000 +1020.00000    -1020.00000 +1020.00000 +1020.00000 +1019.96875 +1019.96875 1
23612 6698.845048500 4.586603     +1020.00000 -1020.03125 -1020.00000 -1020.00000 -1020.00000    -1020.00000 -1020.00000 +1020.00000 +1020.00000 -1020.03125 1
23613 6698.858936000 2.666826     +1020.00000 -1020.03125 +1020.00000 +1020.00000 +1020.00000    +1020.00000 -1020.00000 -1020.03125 -1020.00000 -1020.03125 1
23614 6698.872823500 0.747049     -1020.03125 -1020.03125 +1020.00000 +1020.00000 +1019.96875    +1020.00000 +1020.00000 -1020.03125 -1020.00000 -1020.03125 1
23615 6698.886711000 5.110457     -1020.03125 -1020.00000 +1020.00000 +1019.96875 -1020.03125    -1020.00000 -1020.03125 -1020.00000 -1020.03125 -1020.00000 1
23616 6698.900598500 3.190297     +1020.00000 +1020.00000 +1019.96875 +1020.00000 -1020.03125    -1020.00000 -1020.03125 -1020.00000 -1020.03125 -1020.03125 1
23617 6698.914486000 1.270520     -1020.03125 +1020.00000 +1019.96875 +1019.96875 -1020.03125    -1020.03125 +1019.96875 -1020.00000 -1020.00000 -1020.00000 1
23618 6698.928373500 5.633928     +1020.00000 -1020.03125 -1020.00000 +1019.96875 -1020.03125    +1020.00000 +1020.00000 +1020.00000 -1020.03125 -1020.03125 1
23619 6698.942261000 3.714151     -1019.96875 -1020.00000 +1020.00000 +1019.96875 -1020.03125    +1020.00000 -1020.03125 -1020.00000 -1020.00000 -1020.00000 1
23620 6698.956148500 1.794374     -1020.00000 -1020.00000 +1020.00000 +1019.96875 -1020.03125    -1020.00000 +1020.00000 -1020.03125 +1020.00000 +1020.00000 1
23621 6698.970036000 6.157399     -1020.03125 -1020.00000 +1020.00000 -1020.00000 +1020.00000    -1020.00000 +1020.00000 -1020.03125 -1020.00000 -1020.03125 1
23622 6698.983923500 4.237622     +1020.00000 -1020.03125 -1020.00000 -1020.00000 +1020.00000    +1020.00000 -1020.03125 +1019.96875 +1019.96875 -1020.03125 1
23623 6698.997811000 2.317845     -996.00000 -908.40625 -892.00000 -931.65625 -1019.50000    -1020.00000 +924.34375 +892.15625 +907.78125 +979.53125 1
23624 6699.011698500 0.398068     -1020.53125 -940.46875 -892.18750 -907.84375 -971.59375    -971.59375 +972.50000 +908.34375 +891.96875 +939.65625 1
23625 6699.025586000 4.761093     +979.56250 -980.53125 -908.37500 -892.00000 -931.68750    -939.65625 -1019.53125 +940.46875 +892.15625 +907.81250 1
23626 6699.039473500 2.841316     +939.65625 -1020.50000 -940.46875 -892.18750 -907.84375    -907.81250 -979.56250 +980.50000 +908.31250 +892.00000 1
23627 6699.053361000 0.921539     +915.84375 +979.56250 -980.50000 -908.34375 -892.00000    -884.03125 -939.68750 -1011.50000 +940.43750 +892.15625 1
23628 6699.067248500 5.284947     +900.00000 +939.68750 +1019.46875 -940.50000 -900.21875    -892.18750 -907.87500 -971.59375 +980.53125 +916.34375 1
23629 6699.081136000 3.365170     +900.15625 +907.84375 +971.56250 -980.53125 -908.37500    -908.34375 -892.03125 -931.71875 -1011.50000 +948.43750 1
23630 6699.095023500 1.445010     +916.31250 +900.00000 +939.68750 +1019.50000 -948.46875    -940.46875 -892.21875 -907.87500 -971.59375 +988.46875 1
23631 6699.108911000 5.808418     +948.43750 +900.18750 +907.84375 +963.56250 -988.53125    -980.50000 -916.37500 -892.03125 -931.71875 -1011.50000 1
23632 6699.122798500 3.888641     +980.50000 +916.37500 +892.00000 +931.65625 +1019.50000    +1011.50000 -940.50000 -892.25000 -907.84375 -979.56250 1
23633 6699.136686000 1.968864     -1019.53125 +940.43750 +892.18750 +907.81250 +971.53125    +971.56250 -980.53125 -916.37500 -892.00000 -931.68750 1
23634 6699.150573500 0.048704     -971.56250 +980.50000 +916.34375 +900.03125 +939.68750    +939.68750 +1019.50000 -948.46875 -892.21875 -907.87500 1
23635 6699.164461000 4.412112     -931.68750 -1019.53125 +956.43750 +900.21875 +899.84375    +899.84375 +971.56250 -988.50000 -916.37500 -892.03125 1
23636 6699.178348500 2.492335     -899.87500 -971.59375 +988.50000 +916.34375 +892.03125    +900.03125 +931.68750 +1019.46875 -940.46875 -892.21875 1
23637 6699.192236000 0.572558     -884.03125 -931.68750 -1011.53125 +948.46875 +900.21875    +900.21875 +899.84375 +971.56250 -988.53125 -908.40625 1
23638 6699.206123500 4.935967     -892.21875 -899.84375 -963.56250 +988.53125 +908.34375    +924.31250 +892.03125 +923.68750 +1019.46875 -940.50000 1
23639 6699.220011000 3.015806     -908.37500 -892.03125 -931.71875 -1011.53125 +948.46875    +956.43750 +900.18750 +907.84375 +971.59375 -980.53125 1
23640 6699.233898500 1.096029     -948.46875 -892.21875 -899.87500 -963.56250 +988.50000    +988.53125 +916.34375 +892.03125 +923.68750 +1019.46875 1
23641 6699.247786000 5.459438     -980.53125 -908.40625 -884.06250 -923.68750 -1011.53125    -1003.50000 +948.46875 +900.21875 +899.84375 +971.59375 1
23642 6699.261673500 3.539661     +1011.46875 -948.46875 -900.21875 -907.87500 -971.59375    -963.59375 +996.46875 +916.34375 +892.06250 +931.68750 1
23643 6699.275561000 1.619500     +971.56250 -996.56250 -916.37500 -892.03125 -931.71875    -923.71875 -1011.50000 +948.46875 +900.21875 +907.84375 1
23644 6699.289448500 5.982909     +923.68750 +1003.50000 -956.50000 -892.25000 -899.90625    -899.87500 -963.59375 +996.53125 +916.37500 +892.06250 1
23645 6699.303336000 4.063132     +907.87500 +971.59375 -996.50000 -924.37500 -892.06250    -884.09375 -931.71875 -1003.53125 +956.46875 +900.21875 1
23646 6699.317223500 2.143355     +884.06250 +931.68750 +1003.50000 -948.50000 -892.25000    -900.21875 -899.87500 -963.59375 +996.53125 +916.37500 1
23647 6699.331111000 0.223578     +900.21875 +907.84375 +971.56250 -988.53125 -908.40625    -924.37500 -892.09375 -923.71875 -1011.50000 +956.46875 1
23648 6699.344998500 4.586603     +924.34375 +892.06250 +923.71875 +1003.50000 -956.46875    -948.50000 -900.25000 -891.90625 -955.62500 +1004.50000 1
23649 6699.358886000 2.666826     +956.50000 +900.21875 +907.90625 +963.59375 -988.56250    -996.53125 -924.37500 -900.06250 -923.75000 -1011.53125 1
23650 6699.372773500 0.747049     +996.50000 +924.37500 +892.06250 +923.71875 +1011.50000    +1011.50000 -956.50000 -900.25000 -891.90625 -955.59375 1
23651 6699.386661000 5.110457     -1003.50000 +948.46875 +908.21875 +907.87500 +963.59375    +963.59375 -988.53125 -916.37500 -892.06250 -931.71875 1
23652 6699.400548500 3.190297     -955.62500 +1004.50000 +916.37500 +892.06250 +923.68750    +923.71875 +1003.50000 -948.50000 -900.28125 -899.90625 1
23653 6699.414436000 1.270520     -915.75000 -1003.53125 +956.46875 +900.25000 +899.90625    +899.87500 +955.59375 -996.53125 -916.40625 -884.09375 1
23654 6699.428323500 5.633928     -899.93750 -955.59375 +996.50000 +924.37500 +884.06250    +900.06250 +923.71875 +1011.50000 -956.50000 -892.28125 1
23655 6699.442211000 3.714151     -892.12500 -931.75000 -1003.53125 +956.46875 +900.25000    +908.21875 +899.87500 +963.59375 -996.50000 -916.40625 1
23656 6699.456098500 1.794374     -900.25000 -899.90625 -963.62500 +996.50000 +924.37500    +916.37500 +900.06250 +931.71875 +1003.53125 -956.50000 1
23657 6699.469986000 6.157399     -916.40625 -892.06250 -923.75000 -1003.53125 +964.46875    +956.46875 +900.25000 +907.87500 +963.59375 -996.50000 1
23658 6699.483873500 4.237622     -964.46875 -900.28125 -899.90625 -955.62500 +1004.53125    +996.50000 +932.40625 +900.06250 +923.71875 +995.50000 1
23659 6699.497761000 2.317845     -1004.50000 -924.40625 -884.12500 -915.75000 -1003.53125    -1003.53125 +964.46875 +900.25000 +899.90625 +963.56250 1
23660 6699.511648500 0.398068     +1003.46875 -956.46875 -900.28125 -899.90625 -963.62500    -955.59375 +996.50000 +924.37500 +900.06250 +931.71875 1
23661 6699.525536000 4.761093     +963.59375 -996.50000 -924.40625 -892.12500 -923.78125    -915.78125 -1003.53125 +964.46875 +908.28125 +899.90625 1
23662 6699.539423500 2.841316     +931.71875 +995.53125 -956.50000 -900.28125 -891.96875    -891.96875 -955.62500 +1012.50000 +924.37500 +892.09375 1
23663 6699.553311000 0.921539     +899.87500 +955.62500 -1004.50000 -924.40625 -884.12500    -892.09375 -923.78125 -995.53125 +964.50000 +900.25000 1
23664 6699.567198500 5.284947     +900.06250 +923.75000 +995.53125 -956.50000 -900.28125    -900.31250 -899.93750 -955.62500 +1004.50000 +932.37500 1
23665 6699.581086000 3.365170     +908.25000 +899.90625 +955.59375 -1004.50000 -924.40625    -924.43750 -892.09375 -923.78125 -995.56250 +956.46875 1
23666 6699.594973500 1.445010     +924.37500 +892.09375 +923.75000 +1003.53125 -964.50000    -964.50000 -900.31250 -899.90625 -955.62500 +1004.46875 1
23667 6699.608861000 5.808418     +956.50000 +908.28125 +899.93750 +955.62500 -1004.53125    -1004.53125 -932.40625 -892.12500 -907.78125 -995.53125 1
23668 6699.622748500 3.888641     +1004.50000 +924.40625 +892.12500 +923.75000 +995.53125    +987.53125 -956.50000 -900.31250 -899.93750 -947.62500 1
23669 6699.636636000 1.968864     -987.53125 +964.46875 +908.28125 +899.93750 +947.62500    +955.62500 -1012.53125 -932.43750 -892.12500 -915.78125 1
23670 6699.650523500 0.048704     -955.65625 +1004.53125 +924.37500 +900.09375 +923.75000    +915.75000 +995.50000 -964.50000 -900.28125 -899.93750 1
23671 6699.664411000 4.412112     -915.78125 -987.53125 +972.46875 +908.28125 +891.93750    +891.93750 +955.59375 -1012.50000 -932.40625 -884.12500 1
23672 6699.678298500 2.492335     -899.96875 -947.62500 +1012.50000 +924.40625 +892.12500    +892.09375 +915.78125 +995.50000 -964.53125 -900.31250 1
23673 6699.692186000 0.572558     -884.12500 -915.78125 -987.53125 +972.46875 +900.25000    +908.28125 +891.93750 +955.59375 -1004.53125 -924.43750 1
23674 6699.706073500 4.935967     -900.31250 -899.96875 -939.65625 +1020.53125 +932.40625    +932.37500 +892.09375 +915.78125 +987.53125 -972.50000 1
23675 6699.719961000 3.015806     -924.43750 -892.15625 -923.78125 -995.56250 +964.50000    +972.46875 +900.28125 +899.93750 +955.65625 -1012.50000 1
23676 6699.733848500 1.096029     -972.50000 -908.31250 -899.96875 -955.62500 +1012.50000    +1012.50000 +932.40625 +900.12500 +915.78125 +995.50000 1
23677 6699.747736000 5.459438     -1012.50000 -924.43750 -892.12500 -907.78125 -987.53125    -987.56250 +972.46875 +908.28125 +899.93750 +939.62500 1
23678 6699.761623500 3.539661     +987.53125 -964.53125 -908.28125 -899.96875 -947.65625    -955.65625 +1020.50000 +932.40625 +900.12500 +923.75000 1
23679 6699.775511000 1.619500     +947.62500 -1020.53125 -932.46875 -900.15625 -915.81250    -915.81250 -979.56250 +972.50000 +908.28125 +899.96875 1
23680 6699.789398500 5.982909     +915.75000 +987.53125 -972.50000 -900.28125 -892.00000    -891.96875 -939.65625 +1020.46875 +940.40625 +892.15625 1
23681 6699.803286000 4.063132     +899.93750 +939.65625 -1012.53125 -924.46875 -884.15625    -892.15625 -915.81250 -979.56250 +972.50000 +900.31250 1
23682 6699.817173500 2.143355     +900.12500 +915.81250 +979.53125 -972.53125 -900.34375    -900.31250 -900.00000 -939.65625 +1020.46875 +932.43750 1
23683 6699.831061000 0.223578     +916.31250 +899.96875 +939.62500 -1020.53125 -932.46875    -932.46875 -892.15625 -915.81250 -979.56250 +972.50000 1
23684 6699.844948500 4.586603     +932.43750 +900.12500 +907.81250 +979.53125 -972.53125    -972.53125 -908.31250 -899.96875 -939.65625 +1020.53125 1
23685 6699.858836000 2.666826     +972.46875 +908.31250 +891.96875 +947.65625 -1020.53125    -1012.53125 -932.43750 -900.18750 -907.84375 -979.56250 1
23686 6699.872723500 0.747049     -1019.50000 +940.40625 +900.12500 +915.81250 +979.53125    +987.50000 -980.53125 -908.31250 -900.00000 -947.68750 1
23687 6699.886611000 5.110457     -987.56250 +972.50000 +908.31250 +900.00000 +947.65625    +939.65625 -1012.50000 -940.43750 -900.15625 -915.81250 1
23688 6699.900498500 3.190297     -939.68750 +1020.50000 +932.43750 +900.15625 +915.78125    +915.78125 +987.53125 -972.50000 -908.31250 -892.00000 1
23689 6699.914386000 1.270520     -907.84375 -979.53125 +972.50000 +908.31250 +891.96875    +900.00000 +947.62500 -1020.53125 -932.46875 -892.15625 1
23690 6699.928273500 5.633928     -884.00000 -939.68750 +1020.50000 +940.46875 +892.18750    +900.15625 +907.78125 +979.53125 -980.53125 -908.34375 1
23691 6699.942161000 3.714151     -892.15625 -915.81250 -979.59375 +980.46875 +908.34375    +908.31250 +899.96875 +947.68750 -1020.50000 -940.43750 1
23692 6699.956048500 1.794374     -908.31250 -891.96875 -947.65625 +1020.50000 +940.43750    +940.40625 +892.15625 +915.78125 +979.56250 -980.53125 1
23693 6699.969936000 6.157399     -940.46875 -892.18750 -915.84375 -971.59375 +980.53125    +980.50000 +916.31250 +900.00000 +939.65625 +1019.46875 1
23694 6699.983823500 4.237622     -972.53125 -908.31250 -892.00000 -939.68750 -1019.50000    -1019.53125 +932.43750 +900.15625 +907.81250 +979.56250 1
23695 6699.997711000 2.317845     -1020.50000 -948.46875 -892.21875 -899.84375 -971.56250    -971.56250 +988.50000 +908.31250 +892.00000 +931.65625 1
23696 6700.011598500 0.398068     +971.53125 -980.53125 -916.34375 -884.03125 -931.68750    -939.68750 -1019.50000 +948.43750 +900.18750 +907.81250 1
23697 6700.025486000 4.761093     +939.65625 +1019.50000 -940.46875 -892.21875 -907.84375    -899.84375 -979.56250 +988.46875 +908.34375 +892.00000 1
23698 6700.039373500 2.841316     +907.84375 +979.53125 -972.50000 -908.34375 -892.00000    -900.03125 -939.65625 +1020.50000 +940.43750 +900.15625 1
23699 6700.053261000 0.921539     +899.96875 +939.65625 +1019.50000 -940.43750 -900.21875    -892.21875 -907.84375 -979.56250 +980.50000 +916.31250 1
23700 6700.067148500 5.284947     +892.18750 +899.81250 +979.53125 -980.50000 -908.34375    -916.34375 -892.00000 -931.68750 -1019.50000 +948.43750 1
23701 6700.081036000 3.365170     +916.31250 +900.00000 +939.68750 +1019.50000 -948.46875    -940.43750 -892.18750 -907.87500 -979.59375 +988.46875 1
23702 6700.094923500 1.445010     +940.43750 +892.15625 +907.81250 +979.56250 -980.50000    -980.53125 -908.37500 -892.00000 -939.68750 -1019.50000 1
23703 6700.108811000 5.808418     +988.46875 +916.37500 +900.03125 +931.68750 +1011.50000    +1019.50000 -948.46875 -900.21875 -907.84375 -963.59375 1
23704 6700.122698500 3.888641     -1011.53125 +948.46875 +900.18750 +907.84375 +963.56250    +979.53125 -988.53125 -916.37500 -884.03125 -923.71875 1
23705 6700.136586000 1.968864     -971.56250 +980.50000 +916.31250 +900.03125 +939.68750    +939.65625 +1019.50000 -940.46875 -900.18750 -907.84375 1
23706 6700.150473500 0.048704     -923.68750 -1011.46875 +940.43750 +900.18750 +899.84375    +899.84375 +963.56250 -980.53125 -908.37500 -884.06250 1
23707 6700.164361000 4.412112     -907.84375 -971.59375 +988.50000 +908.34375 +900.00000    +892.03125 +939.68750 +1019.50000 -932.50000 -892.21875 1
23708 6700.178248500 2.492335     -884.03125 -939.71875 -1011.50000 +948.43750 +900.21875    +900.18750 +899.84375 +963.56250 -988.53125 -916.37500 1
23709 6700.192136000 0.572558     -892.25000 -907.87500 -971.59375 +996.50000 +924.37500    +916.34375 +892.00000 +931.71875 +1011.50000 -948.46875 1
23710 6700.206023500 4.935967     -908.37500 -892.03125 -931.71875 -1011.53125 +948.43750    +948.46875 +900.18750 +907.84375 +971.59375 -988.50000 1
23711 6700.219911000 3.015806     -948.46875 -892.18750 -899.87500 -971.59375 +988.50000    +988.50000 +916.34375 +892.03125 +939.68750 +1019.46875 1
23712 6700.233798500 1.096029     -988.53125 -916.40625 -892.06250 -923.68750 -1011.53125    -1011.50000 +956.43750 +900.21875 +899.87500 +971.59375 1
23713 6700.247686000 5.459438     +1011.50000 -940.50000 -892.21875 -899.87500 -971.59375    -971.59375 +996.50000 +916.37500 +892.03125 +939.68750 1
23714 6700.261573500 3.539661     +963.59375 -996.53125 -916.37500 -892.06250 -923.71875    -931.71875 -1003.53125 +956.46875 +900.21875 +899.87500 1
23715 6700.275461000 1.619500     +931.68750 +1011.50000 -940.50000 -892.21875 -899.87500    -899.84375 -963.62500 +996.50000 +916.34375 +892.03125 1
23716 6700.289348500 5.982909     +899.87500 +963.59375 -996.53125 -924.37500 -892.06250    -892.06250 -923.68750 -1003.53125 +956.46875 +892.21875 1
23717 6700.303236000 4.063132     +892.06250 +931.68750 +1011.50000 -956.46875 -900.25000    -892.25000 -899.87500 -963.59375 +996.50000 +924.37500 1
23718 6700.317123500 2.143355     +900.21875 +907.87500 +963.56250 -996.53125 -916.40625    -916.40625 -892.06250 -923.75000 -1003.53125 +948.46875 1
23719 6700.331011000 0.223578     +916.40625 +892.03125 +931.68750 +1011.46875 -948.50000    -956.50000 -892.25000 -899.87500 -963.59375 +996.50000 1
23720 6700.344898500 4.586603     +964.46875 +900.21875 +899.87500 +955.56250 -996.53125    -988.53125 -924.37500 -884.09375 -923.75000 -1003.53125 1
23721 6700.358786000 2.666826     +1004.50000 +916.37500 +892.03125 +931.68750 +1011.46875    +1011.46875 -948.50000 -892.25000 -899.87500 -963.59375 1
23722 6700.372673500 0.747049     -1011.53125 +948.46875 +908.18750 +899.90625 +963.59375    +955.59375 -996.50000 -916.40625 -900.09375 -931.75000 1
23723 6700.386561000 5.110457     -955.62500 +996.53125 +924.40625 +892.09375 +923.71875    +931.71875 +1003.50000 -956.50000 -900.28125 -899.90625 1
23724 6700.400448500 3.190297     -923.75000 -1011.53125 +964.43750 +900.25000 +899.87500    +907.87500 +963.59375 -996.50000 -924.40625 -884.09375 1
23725 6700.414336000 1.270520     -899.90625 -955.59375 +996.53125 +924.37500 +892.06250    +892.06250 +923.71875 +1003.50000 -948.50000 -892.28125 1
23726 6700.428223500 5.633928     -900.06250 -915.75000 -1003.53125 +956.46875 +900.25000    +900.25000 +899.87500 +955.59375 -1004.53125 -916.43750 1
23727 6700.442111000 3.714151     -900.25000 -891.93750 -963.59375 +1004.50000 +924.40625    +916.37500 +892.09375 +923.71875 +1003.53125 -956.50000 1
23728 6700.455998500 1.794374     -924.40625 -892.09375 -923.71875 -1003.53125 +956.46875    +964.46875 +900.25000 +899.87500 +963.56250 -996.50000 1
23729 6700.469886000 6.157399     -956.46875 -900.25000 -899.90625 -955.62500 +1004.50000    +996.50000 +932.40625 +900.06250 +923.75000 +1003.50000 1
23730 6700.483773500 4.237622     -1004.50000 -924.40625 -892.09375 -923.78125 -995.53125    -1003.53125 +964.50000 +908.25000 +907.90625 +963.56250 1
23731 6700.497661000 2.317845     +1003.53125 -956.50000 -900.28125 -899.90625 -955.62500    -955.59375 +1004.46875 +932.40625 +900.06250 +931.71875 1
23732 6700.511548500 0.398068     +947.62500 -1004.56250 -932.40625 -884.12500 -923.75000    -923.75000 -995.50000 +964.50000 +900.25000 +899.90625 1
23733 6700.525436000 4.761093     +923.71875 +995.50000 -956.53125 -892.31250 -899.90625    -899.93750 -955.62500 +1004.53125 +924.40625 +892.06250 1
23734 6700.539323500 2.841316     +899.90625 +963.59375 -1004.50000 -924.40625 -892.09375    -892.09375 -923.75000 -987.53125 +956.46875 +908.25000 1
23735 6700.553211000 0.921539     +900.06250 +923.71875 +1003.50000 -956.50000 -900.25000    -900.28125 -899.93750 -955.59375 +1004.50000 +932.37500 1
23736 6700.567098500 5.284947     +908.25000 +899.93750 +955.59375 -1012.53125 -924.43750    -916.43750 -892.12500 -923.78125 -987.56250 +964.50000 1
23737 6700.580986000 3.365170     +932.37500 +884.12500 +915.75000 +987.50000 -964.46875    -964.46875 -900.28125 -891.93750 -955.62500 +1004.53125 1
23738 6700.594873500 1.445010     +972.50000 +908.25000 +899.90625 +955.59375 -996.53125    -996.53125 -924.40625 -892.12500 -915.78125 -995.53125 1
23739 6700.608761000 5.808418     +1004.50000 +932.37500 +892.09375 +915.75000 +987.50000    +995.50000 -956.50000 -900.28125 -899.93750 -947.62500 1
23740 6700.622648500 3.888641     -995.56250 +956.46875 +908.28125 +907.93750 +955.62500    +955.59375 -1004.53125 -932.40625 -892.12500 -923.78125 1
23741 6700.636536000 1.968864     -955.62500 +1004.50000 +932.40625 +900.09375 +923.78125    +915.78125 +995.50000 -964.50000 -900.25000 -899.93750 1
23742 6700.650423500 0.048704     -915.78125 -995.53125 +964.46875 +900.25000 +891.93750    +891.90625 +955.59375 -1004.53125 -924.40625 -892.12500 1
23743 6700.664311000 4.412112     -899.93750 -939.62500 +1012.50000 +924.40625 +892.12500    +892.09375 +923.75000 +987.53125 -964.50000 -900.28125 1
23744 6700.678198500 2.492335     -892.12500 -915.78125 -987.53125 +972.46875 +900.25000    +900.28125 +891.93750 +947.59375 -1020.53125 -924.40625 1
23745 6700.692086000 0.572558     -908.31250 -891.96875 -955.65625 +1020.53125 +932.43750    +932.37500 +892.12500 +915.78125 +987.53125 -964.50000 1
23746 6700.705973500 4.935967     -932.43750 -884.15625 -907.81250 -987.56250 +972.46875    +964.53125 +908.31250 +891.96875 +939.62500 -1012.53125 1
23747 6700.719861000 3.015806     -972.50000 -908.31250 -891.96875 -939.62500 +1020.46875    +1012.50000 +932.43750 +900.12500 +915.78125 +987.53125 1
23748 6700.733748500 1.096029     -1020.50000 -932.43750 -884.15625 -915.78125 -987.53125    -987.53125 +972.50000 +908.28125 +891.93750 +947.62500 1
23749 6700.747636000 5.459438     +987.53125 -964.53125 -900.31250 -891.96875 -947.62500    -955.65625 +1012.50000 +940.40625 +892.09375 +915.78125 1
23750 6700.761523500 3.539661     +947.62500 -1012.53125 -924.43750 -884.18750 -907.81250    -907.81250 -987.53125 +964.50000 +908.28125 +899.96875 1
23751 6700.775411000 1.619500     +923.78125 +987.56250 -972.50000 -908.31250 -899.96875    -892.00000 -947.65625 +1020.46875 +940.40625 +900.12500 1
23752 6700.789298500 5.982909     +899.96875 +939.62500 -1012.56250 -924.43750 -884.12500    -892.15625 -907.81250 -987.53125 +964.50000 +900.28125 1
23753 6700.803186000 4.063132     +892.15625 +907.78125 +995.50000 -972.50000 -900.31250    -908.31250 -891.96875 -939.62500 +1020.50000 +932.40625 1
23754 6700.817073500 2.143355     +916.31250 +891.93750 +947.62500 -1012.50000 -932.43750    -932.43750 -892.15625 -915.81250 -987.56250 +972.50000 1
23755 6700.830961000 0.223578     +932.43750 +900.12500 +915.81250 +987.56250 -980.50000    -972.53125 -908.31250 -891.96875 -947.65625 +1020.50000 1
23756 6700.844848500 4.586603     +972.50000 +900.28125 +899.93750 +1003.87500 +1019.90625    -1012.53125 -932.40625 -892.15625 +987.75000 +1003.93750 1
23757 6700.858736000 2.666826     -1020.03125 +1020.00000 +1020.00000 +1020.00000 +1019.96875    +1019.96875 +1012.00000 -1020.03125 -1020.03125 -1020.00000 1
23758 6700.872623500 0.747049     +1020.00000 -1020.03125 -1020.03125 -1020.00000 +1020.00000    -1020.03125 -1020.00000 +1020.00000 -1020.03125 -1020.03125 1
23759 6700.886511000 5.110457     -1020.00000 +1020.00000 +1020.00000 -1020.00000 -1019.96875    -1020.00000 -1020.03125 -1020.03125 -1020.00000 +1020.00000 1
23760 6700.900398500 3.190297     +1019.96875 +1020.00000 +1020.00000 +1020.00000 +1019.96875    -1020.00000 -1020.03125 -1020.03125 -1020.03125 -1020.03125 1
23761 6700.914286000 1.270520     -1020.03125 -1020.00000 -1020.00000 +1020.00000 -1020.03125    -1020.03125 +1020.00000 -1020.03125 -1020.03125 -1020.03125 1
23762 6700.928173500 5.633928     -1020.03125 -1020.00000 +1019.96875 -1020.00000 -1020.03125    -1020.00000 +1019.96875 -1020.03125 +1020.00000 +1020.00000 1
23763 6700.942061000 3.714151     -1020.03125 +1020.00000 +1019.96875 -1020.00000 -1020.00000    -1020.03125 -1020.03125 -1020.00000 -1020.00000 -1020.03125 1
23764 6700.955948500 1.793991     -1020.03125 -1020.00000 -1020.03125 +1020.00000 +1020.00000    -1020.03125 -1020.03125 -1020.03125 -1020.00000 -1020.00000 1
23765 6700.969836000 6.157399     -1020.03125 -1020.00000 -1020.00000 +1019.96875 -1020.00000    -1020.03125 +1020.00000 -1020.03125 -1020.00000 -1020.00000 1
23766 6700.983723500 4.237622     +1020.00000 +1020.00000 -1020.03125 -1020.03125 -1020.00000    -1020.00000 -1020.03125 -1020.00000 +1020.00000 +1020.00000 1
23767 6700.997611000 2.317845     -1020.03125 -1020.00000 +1020.00000 -1020.03125 -1020.03125    -1020.03125 +1020.00000 -1020.03125 -1020.00000 -1020.00000 1
23768 6701.011498500 0.398068     -1020.00000 -1020.00000 +1020.00000 -1020.03125 -1020.00000    +1020.00000 -1020.03125 -1020.03125 -1020.03125 +1019.96875 1
23769 6701.025386000 4.761093     -1020.03125 +1020.00000 -1020.03125 -1020.03125 -1020.00000    -1020.00000 -1020.00000 -1020.00000 -1020.03125 +1020.00000 1
23770 6701.039273500 2.841316     -1012.00000 -1020.03125 -1020.03125 -1020.00000 +1020.00000    -1020.00000 -1020.00000 -1020.00000 +1020.00000 +1020.00000 1
23771 6701.053161000 0.921539     -1020.03125 -1020.00000 +1019.96875 -1020.00000 +1020.00000    +1020.00000 +1020.00000 +1019.96875 -1020.00000 -1020.03125 1
23772 6701.067048500 5.284947     -1020.03125 -1020.00000 -1020.00000 -1020.00000 +1020.00000    -1020.00000 -1020.03125 +1019.96875 -1020.03125 -1020.03125 1
23773 6701.080936000 3.364787     -1020.03125 +1020.00000 +1020.00000 -1020.03125 -1020.00000    -1020.03125 -1020.03125 -1020.00000 -1020.00000 +1020.00000 1
23774 6701.094823500 1.445010     -1019.96875 +1020.00000 -1012.00000 -1020.03125 -1020.00000    -1020.03125 -1020.03125 -1020.00000 +1020.00000 +1020.00000 1
23775 6701.108711000 5.808418     +1020.00000 +1020.00000 +1020.00000 +1019.96875 +1019.96875    -1020.03125 -1020.03125 -1020.00000 -1020.00000 -1020.00000 1
23776 6701.122598500 3.888641     -1020.03125 -1019.96875 +1020.00000 -1020.00000 +1020.00000    -1020.00000 +1019.96875 -1020.03125 +1020.00000 -1020.03125 1
23777 6701.136486000 1.968864     -1020.00000 -1020.03125 -1020.03125 +1019.96875 -1020.03125    -1020.00000 -1020.03125 -1020.00000 -1020.00000 -1020.00000 1
23778 6701.150373500 0.048704     -1020.00000 -1020.00000 -1020.00000 +1020.00000 +1020.00000    -1020.00000 +1020.00000 +1020.00000 -1020.03125 -1020.03125 1
23779 6701.164261000 4.412112     -1020.03125 -1020.00000 -1020.00000 -1020.00000 +1020.00000    -1020.03125 +1019.96875 +1020.00000 +1019.96875 +1019.96875 1
23780 6701.178148500 2.492335     +1020.00000 +1020.00000 -1020.03125 -1020.00000 -1020.00000    +1020.00000 -1020.03125 -1020.00000 -1020.00000 -1020.00000 1
23781 6701.192036000 0.572558     -1020.03125 +1020.00000 +1020.00000 +1020.00000 +1019.96875    -1020.00000 +1019.96875 +1019.96875 -1020.03125 -1020.03125 1
23782 6701.205923500 4.935583     -1020.00000 -1020.03125 -1020.00000 +1020.00000 +1020.00000    -1020.03125 +1020.00000 +1020.00000 -1020.00000 -1019.96875 1
23783 6701.219811000 3.015806     -1020.00000 +1020.00000 +1019.96875 -1020.00000 -1020.00000    -1020.00000 +1019.96875 -1020.00000 -1020.03125 +1020.00000 1
23784 6701.233698500 1.096029     -1020.00000 -1020.00000 -1020.03125 -1020.03125 -1020.03125    -1020.00000 +1020.00000 -1020.00000 -1020.00000 +1020.00000 1
23785 6701.247586000 5.459438     -1020.00000 -1020.00000 -1020.00000 +1020.00000 -1020.03125    -1020.03125 +1020.00000 +1019.96875 -1020.03125 +1020.00000 1
23786 6701.261473500 3.539661     -1020.00000 -1020.03125 -1020.00000 -1020.03125 -1020.03125    -1020.00000 -1020.00000 -1020.00000 +1020.00000 -1020.00000 1
23787 6701.275361000 1.619500     -1020.00000 -1020.00000 +1020.00000 +1019.96875 +1019.96875    -1020.03125 +1020.00000 -1020.03125 -1020.00000 -1020.00000 1
23788 6701.289248500 5.982909     -1020.00000 -1020.03125 -1020.00000 -1020.03125 +1020.00000    +1020.00000 +1020.00000 +1020.00000 -1020.00000 -1020.00000 1
23789 6701.303136000 4.063132     +1020.00000 -1020.03125 +1020.00000 +1020.00000 +1019.96875    +1020.00000 +1020.00000 -1020.03125 -1020.03125 -1020.00000 1
23790 6701.317023500 2.143355     -1020.00000 +1020.00000 -1020.03125 +1019.96875 +1020.00000    +1020.00000 -1020.03125 -1020.00000 -1020.00000 -1020.00000 1
23791 6701.330911000 0.223194     -1020.03125 +1020.00000 +1019.96875 +1019.96875 -1020.03125    -1020.03125 -1020.03125 -1020.00000 -1020.00000 -1020.00000 1
23792 6701.344798500 4.586603     -1020.03125 +1020.00000 +1020.00000 -1020.03125 +1019.96875    -1020.00000 +1019.96875 -1020.03125 -1020.00000 -1020.00000 1
23793 6701.358686000 2.666826     -1020.00000 -1020.03125 -1020.03125 -1020.00000 -1020.00000    -1020.00000 +1020.00000 -1020.00000 +1019.96875 +1019.96875 1
23794 6701.372573500 0.747049     -1020.03125 -1020.00000 -1020.00000 +1019.96875 -1020.03125    -1020.00000 +1020.00000 +1019.96875 -1020.00000 -1020.00000 1
23795 6701.386461000 5.110457     -1020.00000 -1020.03125 -1020.00000 -1020.00000 +1020.00000    +1020.00000 -1020.00000 -1020.00000 +1020.00000 +1019.96875 1
23796 6701.400348500 3.190297     +1020.00000 -1020.03125 -1020.03125 +1020.00000 +1020.00000    +1020.00000 -1020.00000 +1020.00000 -1020.03125 +1020.00000 1
23797 6701.414236000 1.270520     -1020.00000 +1020.00000 +1020.00000 +1019.96875 +1019.96875    -1020.00000 -1020.03125 -1020.03125 -1020.00000 +1020.00000 1
23798 6701.428123500 5.633928     -1020.00000 -1020.03125 -1020.03125 -1020.03125 -1020.03125    -1020.03125 +1020.00000 +1019.96875 +1020.00000 -1020.00000 1
23799 6701.442011000 3.714151     -1020.00000 -1020.00000 -1020.03125 -1020.00000 +1020.00000    +1020.00000 -1020.00000 -1020.00000 +1020.00000 +1020.00000 1
23800 6701.455898500 1.793991     +1020.00000 -1020.03125 -1020.00000 +1019.96875 +1020.00000    -1020.00000 -1020.03125 +1020.00000 +1020.00000 -1020.03125 1
23801 6701.469786000 6.157399     -1020.00000 -1020.00000 -1020.00000 -1020.00000 +1020.00000    -1020.03125 +1020.00000 +1020.00000 -1020.03125 +1019.96875 1
23802 6701.483673500 4.237622     -1020.03125 +1019.96875 -1020.03125 -1020.00000 -1020.03125    -1020.00000 -1020.00000 +1020.00000 +1019.96875 +1020.00000 1
23803 6701.497561000 2.317845     +1020.00000 +1019.96875 -1012.03125 -1020.00000 +1020.00000    +1020.00000 -1020.00000 -1020.00000 +1020.00000 +1019.96875 1
23804 6701.511448500 0.398068     -1020.00000 +1020.00000 -1020.03125 -1020.03125 -1020.03125    -1020.03125 +1019.96875 +1020.00000 +1020.00000 +1020.00000 1
23805 6701.525336000 4.761093     +1020.00000 -1020.00000 +1020.00000 +1020.00000 +1020.00000    -1020.03125 -1020.00000 -1020.03125 -1020.03125 -1020.00000 1
23806 6701.539223500 2.841316     -1020.00000 -1020.00000 +1020.00000 -1020.00000 +1020.00000    -1020.03125 +1019.96875 +1019.96875 -1020.00000 -1020.03125 1
23807 6701.553111000 0.921539     -1020.03125 -1020.03125 +1020.00000 +1019.96875 +1019.96875    -1020.03125 -1020.00000 +1020.00000 -1020.00000 -1020.00000 1
23808 6701.566998500 5.284947     -1020.00000 -1019.96875 +1020.00000 -1020.00000 +1020.00000    -1020.00000 +1020.00000 -1020.03125 -1020.03125 -1020.03125 1
23809 6701.580886000 3.364787     -1020.03125 +1020.00000 -1020.03125 +1019.96875 -1012.03125    -1020.03125 -1020.03125 -1020.00000 -1020.03125 -1020.03125 1
23810 6701.594773500 1.445010     -1020.03125 +1020.00000 +1020.00000 +1019.96875 +1020.00000    +1020.00000 -1020.03125 -1020.00000 -1020.00000 -1020.03125 1
23811 6701.608661000 5.808418     -1020.00000 -1020.00000 -1020.00000 -1020.00000 +1019.96875    -1020.03125 -1020.00000 +1019.96875 +1019.96875 -1020.00000 1
23812 6701.622548500 3.888641     -1020.03125 -1020.00000 +1020.00000 +1019.96875 +1019.96875    -1020.00000 -1012.03125 -1020.03125 -1020.00000 -1020.03125 1
23813 6701.636436000 1.968864     +1020.00000 +1019.96875 +1019.96875 +1019.96875 -1020.03125    -1020.00000 -1020.00000 -1020.00000 -1020.00000 -1019.96875 1
23814 6701.650323500 0.048704     -1020.03125 -1020.03125 +1020.00000 +1020.00000 +1019.96875    -1020.03125 -1020.00000 +1020.00000 -1020.03125 -1020.00000 1
23815 6701.664211000 4.412112     -1020.00000 -1020.00000 +1020.00000 +1020.00000 -1020.00000    -1020.03125 +1020.00000 -1020.03125 -1020.00000 -1020.03125 1
23816 6701.678098500 2.492335     -1020.03125 -1020.00000 +1020.00000 -1020.00000 -1020.00000    -1020.00000 +1019.96875 +1019.96875 -1020.03125 +1019.96875 1
23817 6701.691986000 0.572558     -1020.03125 -1020.00000 -1020.00000 -1020.00000 +1020.00000    +1020.00000 +1020.00000 +1019.96875 -1020.03125 -1020.03125 1
23818 6701.705873500 4.935583     +1020.00000 -1020.03125 -1020.03125 -1020.00000 +1020.00000    +1019.96875 -1020.00000 +1020.00000 -1020.03125 +1020.00000 1
23819 6701.719761000 3.015806     +1020.00000 -1020.03125 -1020.00000 -1019.96875 -1020.00000    -1020.00000 +1020.00000 +1020.00000 +1020.00000 +1019.96875 1
23820 6701.733648500 1.096029     -1020.00000 +1020.00000 -1012.03125 -1020.03125 -1020.03125    +1020.00000 -1020.03125 -1020.00000 +1020.00000 +1020.00000 1
23821 6701.747536000 5.459438     +1020.00000 +1019.96875 -1020.00000 +1020.00000 -1020.03125    +1020.00000 -1020.00000 +1020.00000 -1020.03125 -1020.00000 1
23822 6701.761423500 3.539661     -1020.00000 -1020.00000 -1020.00000 +1020.00000 -1020.03125    -1020.00000 +1019.96875 +1020.00000 -1020.03125 +1020.00000 1
23823 6701.775311000 1.619500     -1020.03125 +1020.00000 +1019.96875 -1020.03125 +1020.00000    -1020.03125 -1020.03125 -1020.03125 -1020.03125 -1020.03125 1
23824 6701.789198500 5.982909     -1020.00000 -1020.03125 -1020.03125 -1020.00000 +1020.00000    -1020.00000 -1020.03125 -1020.00000 +1020.00000 -1020.03125 1
23825 6701.803086000 4.063132     -1020.00000 -1020.00000 +1020.00000 +1020.00000 +1019.96875    -1020.03125 +1020.00000 -1020.03125 -1020.03125 -1020.00000 1
23826 6701.816973500 2.143355     -1020.03125 -1020.00000 +1020.00000 +1020.00000 +1020.00000    -1020.03125 +1019.96875 -1020.03125 -1020.00000 -1020.00000 1
23827 6701.830861000 0.223194     +1020.00000 -1020.03125 -1020.00000 -1020.00000 -1020.00000    +1019.96875 +1020.00000 -1020.03125 +1019.96875 +1019.96875 1
23828 6701.844748500 4.586603     -1020.03125 -1020.00000 -1020.03125 -1020.00000 +1020.00000    -1020.00000 +1020.00000 +1020.00000 -1020.03125 -1020.03125 1
23829 6701.858636000 2.666826     +1020.00000 +1019.96875 -1020.03125 -1020.00000 -1020.00000    -1020.03125 -1020.00000 -1020.00000 +1019.96875 +1019.96875 1
23830 6701.872523500 0.747049     -1020.03125 -1020.03125 -1020.00000 -1020.00000 -1020.00000    -1020.00000 -1020.00000 +1020.00000 +1020.00000 +1020.00000 1
23831 6701.886411000 5.110457     +1019.96875 -1020.03125 -1020.03125 -1020.00000 -1020.03125    -1020.00000 -1020.00000 -1020.00000 +1020.00000 -1020.00000 1
23832 6701.900298500 3.190297     -1020.03125 -1020.00000 -1020.00000 +1019.96875 +1020.00000    -1020.00000 -1020.00000 -1020.03125 -1020.03125 -1020.03125 1
23833 6701.914186000 1.270520     -1020.03125 +1020.00000 +1020.00000 +1019.96875 +1019.96875    -1020.03125 -1020.03125 -1020.00000 -1020.00000 -1020.03125 1
23834 6701.928073500 5.633928     +1020.00000 +1019.96875 -1020.03125 +1019.96875 -1020.03125    -1020.00000 -1020.00000 -1020.00000 +1020.00000 +1020.00000 1
23835 6701.941961000 3.714151     +1020.00000 -1020.03125 -1020.03125 -1020.00000 -1020.00000    +1020.00000 +1020.00000 -1020.00000 +1020.00000 +1020.00000 1
23836 6701.955848500 1.793991     -1020.00000 -1012.03125 -1020.03125 -1020.00000 +1020.00000    -1020.00000 -1020.00000 +1020.00000 +1019.96875 -1020.03125 1
23837 6701.969736000 6.157399     +1019.96875 -1019.96875 +1019.96875 -1020.03125 -1020.00000    +1020.00000 +1019.96875 -1020.03125 -1020.00000 +1020.00000 1
23838 6701.983623500 4.237622     -1020.03125 +1020.00000 +1019.96875 -1020.03125 -1020.03125    +1020.00000 +1019.96875 -1020.00000 -1020.00000 +1020.00000 1
23839 6701.997511000 2.317845     +1019.96875 +1020.00000 -1020.03125 -1019.96875 -1019.96875    -1020.03125 -1020.00000 -1020.00000 -1020.00000 +1020.00000 1
23840 6702.011398500 0.398068     +1020.00000 -1012.03125 -1020.00000 -1020.00000 +1020.00000    +1020.00000 -1020.00000 +1020.00000 -1020.03125 -1020.03125 1
23841 6702.025286000 4.761093     -1020.03125 -1020.00000 -1020.00000 -1020.00000 +1020.00000    +1020.00000 +1019.96875 -1020.03125 +1019.96875 -1020.00000 1
23842 6702.039173500 2.841316     -1020.00000 -1020.03125 +1019.96875 -1020.03125 +1020.00000    -1020.03125 -1020.00000 -1020.00000 -1020.00000 -1020.00000 1
23843 6702.053061000 0.921539     -1020.03125 +1020.00000 +1020.00000 +1019.96875 -1020.03125    -1020.03125 -1020.03125 -1020.03125 +1020.03125 -1020.00000 1
23844 6702.066948500 5.284947     -1020.03125 +1020.00000 -1020.00000 -1020.03125 +1020.03125    -1020.03125 +1020.00000 +1020.00000 -1020.03125 +1020.00000 1
23845 6702.080836000 3.364787     -1020.00000 +1020.00000 -1020.03125 -1020.03125 -1020.03125    +1020.00000 -1020.03125 -1020.00000 +1020.00000 +1020.00000 1
23846 6702.094723500 1.445010     -1020.03125 +1020.00000 -1020.03125 +1020.00000 -1020.03125    -1020.00000 -1020.03125 -1020.00000 -1020.03125 -1020.00000 1
23847 6702.108611000 5.808418     -1020.00000 +1020.00000 +1019.96875 -1020.03125 -1020.00000    +1020.00000 -1020.03125 -1019.96875 -1020.00000 -1020.03125 1
23848 6702.122498500 3.888641     -1020.00000 +1020.00000 +1019.96875 -1020.00000 -1020.00000    +1020.00000 -1020.03125 -1020.03125 -1020.00000 +1020.00000 1
23849 6702.136386000 1.968864     -1020.00000 -1020.03125 -1020.00000 -1020.03125 -1020.00000    -1020.03125 -1020.00000 +1019.96875 -1020.03125 +1020.00000 1
23850 6702.150273500 0.048704     -1019.96875 +1020.00000 -1020.03125 -1020.00000 -1020.00000    +1020.00000 -1020.00000 -1020.00000 +1020.00000 +1019.96875 1
23851 6702.164161000 4.412112     +1020.00000 +1020.00000 -1012.03125 -1020.00000 +1019.96875    +1020.00000 -1020.03125 -1020.00000 +1020.00000 -1020.03125 1
23852 6702.178048500 2.492335     -1020.03125 -1020.03125 -1020.03125 +1020.00000 -1020.03125    -1020.00000 +1020.00000 +1020.00000 -1020.03125 -1020.00000 1
23853 6702.191936000 0.572558     -1020.00000 -1020.00000 -1020.00000 +1020.00000 -1020.03125    -1020.03125 -1020.00000 +1020.00000 -1020.03125 -1020.00000 1
23854 6702.205823500 4.935583     +1019.96875 +1020.00000 -1020.00000 +1019.96875 -1020.03125    -1019.96875 -1020.03125 -1020.03125 -1020.03125 -1020.00000 1
23855 6702.219711000 3.015806     +1019.96875 -1020.03125 -1020.00000 -1020.00000 +1020.00000    -1020.00000 -1020.00000 +1020.00000 -1020.03125 -1020.03125 1
23856 6702.233598500 1.096029     -1020.00000 -1020.00000 -1020.00000 +1019.96875 +1020.00000    -1020.03125 +1020.00000 +1019.96875 -1020.03125 -1020.03125 1
23857 6702.247486000 5.459438     +1020.00000 +1019.96875 -1020.03125 -1020.03125 -1020.03125    -1020.00000 -1020.00000 +1020.00000 -1020.00000 -1020.00000 1
23858 6702.261373500 3.539661     +1020.00000 -1012.03125 -1020.00000 -1020.00000 -1020.00000    -1020.00000 -1020.00000 +1019.96875 +1020.00000 -1020.03125 1
23859 6702.275261000 1.619500     -1020.00000 +1020.00000 -1020.00000 -1020.00000 -1020.03125    -1020.00000 -1020.03125 +1019.96875 -1020.03125 -1020.03125 1
23860 6702.289148500 5.982909     +1020.00000 +1020.00000 +1019.96875 -1020.03125 -1020.00000    +1020.00000 -1020.00000 -1020.00000 -1020.00000 +1020.00000 1
23861 6702.303036000 4.063132     -1020.00000 -1020.00000 -1020.03125 -1020.00000 -1020.00000    -1020.00000 +1019.96875 +1020.00000 +1020.00000 +1020.00000 1
23862 6702.316923500 2.143355     +1020.00000 +1020.00000 +1020.00000 -1020.03125 -1020.00000    +1020.00000 -1020.03125 -1020.03125 -1020.00000 +1020.00000 1
23863 6702.330811000 0.223194     +1019.96875 -1020.03125 -1020.03125 -1020.00000 -1020.00000    -1020.00000 -1020.03125 -1020.00000 +1019.96875 +1020.00000 1
23864 6702.344698500 4.586603     -1020.03125 -1020.03125 -1020.00000 -1020.00000 -1020.00000    -1020.00000 -1020.00000 +1020.00000 +1020.00000 +1020.00000 1
23865 6702.358586000 2.666826     -1020.03125 -1020.00000 -1020.03125 -1020.00000 -1020.03125    -1020.03125 -1020.03125 -1020.00000 +1019.96875 +1020.00000 1
23866 6702.372473500 0.747049     -1020.00000 +1020.00000 -1020.03125 +1020.00000 +1020.00000    -1020.03125 -1020.00000 -1020.00000 -1020.03125 -1020.00000 1
23867 6702.386361000 5.110457     +1020.00000 +1020.00000 +1019.96875 -1020.03125 -1020.00000    -1020.03125 -1020.00000 -1020.00000 -1020.00000 +1020.00000 1
23868 6702.400248500 3.190297     -1020.03125 -1020.03125 +1020.00000 +1019.96875 +1019.96875    -1020.00000 +1020.00000 -1020.00000 -1020.00000 -1020.00000 1
23869 6702.414136000 1.270520     -1020.03125 -1020.00000 -1020.00000 -1020.00000 +1020.00000    -1020.03125 +1020.00000 +1019.96875 +1020.00000 -1020.03125 1
23870 6702.428023500 5.633928     +1020.00000 -1020.00000 -1020.03125 +1020.00000 +1020.00000    -1012.03125 -1020.03125 -1020.00000 +1020.00000 -1020.03125 1
23871 6702.441911000 3.714151     -1020.00000 -1019.96875 -1020.00000 -1020.00000 +1020.00000    -1012.03125 -1020.00000 +1020.00000 -1020.03125 -1012.03125 1
23872 6702.455798500 1.793991     -1020.00000 -1020.00000 -1020.00000 +1020.00000 +1019.96875    -1020.00000 +1020.00000 +1020.00000 -1020.03125 -1020.00000 1
23873 6702.469686000 6.157399     -1020.00000 -1020.03125 +1020.00000 +1020.00000 +1020.00000    -1020.00000 +1020.00000 +1020.00000 -1020.00000 -1020.03125 1
23874 6702.483573500 4.237622     -1012.00000 -1020.00000 +1020.00000 -1020.00000 -1020.03125    -1020.03125 +1020.00000 -1020.03125 +1020.00000 +1020.00000 1
23875 6702.497461000 2.317845     -1020.00000 +1020.00000 +1020.00000 +1020.00000 +1020.00000    -1020.03125 +1020.00000 -1012.03125 -1020.00000 -1020.00000 1
23876 6702.511348500 0.398068     -1020.03125 -1020.03125 -1020.00000 -1020.00000 +1020.00000    -1020.00000 -1020.00000 +1020.00000 +1020.00000 -1020.03125 1
23877 6702.525236000 4.761093     +1020.00000 +1020.00000 +1019.96875 +1020.00000 +1020.00000    +1020.00000 -1020.03125 -1020.00000 -1020.03125 -1020.03125 1
23878 6702.539123500 2.841316     -1020.00000 -1019.96875 +1020.00000 +1020.00000 +1020.00000    -1020.00000 +1020.00000 +1019.96875 +1019.96875 -1020.03125 1
23879 6702.553011000 0.921539     -1020.03125 -1020.00000 -1020.00000 +1019.96875 -1020.03125    -1020.00000 +1019.96875 -1020.00000 -1020.03125 -1020.00000 1
23880 6702.566898500 5.284947     +1020.00000 -1020.00000 +1019.96875 +1019.96875 -1020.00000    +1020.00000 -1020.00000 -1020.00000 +1020.00000 +1020.00000 1
23881 6702.580786000 3.364787     -1020.00000 +1020.00000 +1019.96875 -1020.03125 -1020.03125    +1020.00000 -1020.00000 -1020.03125 -1020.00000 -1020.00000 1
23882 6702.594673500 1.445010     -1020.03125 -1020.00000 +1020.00000 -1019.96875 +1020.00000    -1020.03125 -1020.03125 -1012.03125 -1020.03125 -1020.03125 1
23883 6702.608561000 5.808418     +1020.00000 -1020.03125 -1020.00000 -1020.00000 -1020.00000    +1020.00000 -1020.00000 +1020.00000 +1020.00000 +1020.00000 1
23884 6702.622448500 3.888641     -1020.03125 -1020.03125 -1020.03125 -1020.00000 +1020.00000    -1020.00000 +1019.96875 +1020.00000 +1019.96875 +1020.00000 1
23885 6702.636336000 1.968864     -1020.03125 -1020.03125 -1020.03125 +1020.00000 +1020.00000    -1020.03125 +1020.00000 +1019.96875 +1019.96875 -1020.00000 1
23886 6702.650223500 0.048704     -1020.00000 +1020.00000 +1020.00000 +1019.96875 -1020.00000    +1020.00000 -1020.03125 -1020.00000 -1020.00000 +1020.00000 1
23887 6702.664111000 4.412112     -1020.03125 -1020.00000 -1020.00000 -1020.00000 -1020.00000    -1020.03125 +1019.96875 +1020.00000 +1019.96875 +1020.00000 1
23888 6702.677998500 2.492335     +1020.00000 +1019.96875 -1020.00000 +1020.00000 +1019.96875    +1020.00000 -1020.03125 +1020.03125 +1020.00000 -1020.00000 1
23889 6702.691886000 0.572558     +1020.00000 +1020.00000 -1020.03125 -1020.00000 -1020.00000    -1020.03125 -1020.00000 -1020.00000 -1020.00000 -1020.03125 1
23890 6702.705773500 4.935583     -1020.03125 +1019.96875 -1020.03125 -1020.00000 -1020.03125    -1020.03125 -1020.03125 -1020.00000 +1020.00000 +1020.00000 1
23891 6702.719661000 3.015806     +1020.00000 +1019.96875 +1020.00000 -1020.03125 -1020.00000    -1020.00000 -1020.03125 -1020.03125 -1020.00000 +1020.00000 1
23892 6702.733548500 1.096029     +1020.00000 -1020.03125 -1020.00000 +1019.96875 -1020.03125    -1020.03125 -1020.00000 +1020.00000 -1020.03125 -1020.00000 1
23893 6702.747436000 5.459438     -1020.00000 -1020.00000 +1020.00000 -1020.03125 +1019.96875    +1020.00000 +1019.96875 -1020.03125 -1020.00000 -1020.00000 1
23894 6702.761323500 3.539661     -1020.03125 -1020.03125 -1020.03125 -1020.00000 +1020.00000    -1020.03125 -1020.00000 -1020.00000 -1020.03125 -1020.03125 1
23895 6702.775211000 1.619500     +1019.96875 +1020.00000 -1020.00000 +1019.96875 +1020.00000    -1020.03125 -1020.03125 +1020.00000 -1012.03125 -1020.03125 1
23896 6702.789098500 5.982909     +1020.00000 +1019.96875 +1020.00000 +1020.00000 +1020.00000    +1020.00000 -1020.00000 -1020.00000 +1020.00000 +1019.96875 1
23897 6702.802986000 4.063132     +1020.00000 -1020.03125 -1020.00000 +1020.00000 +1019.96875    +1019.96875 +1020.00000 -1020.00000 -1020.03125 -1020.03125 1
23898 6702.816873500 2.143355     +1020.00000 -1020.03125 +1020.00000 +1019.96875 -1020.00000    -1020.00000 +1020.00000 -1020.03125 -1020.00000 +1020.00000 1
23899 6702.830761000 0.223194     -1020.00000 -1020.03125 -1020.03125 -1020.00000 -1020.03125    -1020.03125 +1020.00000 +1020.00000 +1019.96875 +1020.00000 1
23900 6702.844648500 4.586603     -1020.00000 +1020.00000 -1020.03125 -1020.00000 +1020.00000    -1019.96875 -1020.03125 -1019.96875 +1020.00000 -1012.03125 1
23901 6702.858536000 2.666826     -1020.03125 -1020.00000 -1020.03125 -1019.96875 -1020.00000    -1020.03125 -1020.03125 -1020.03125 +1020.00000 +1020.00000 1
23902 6702.872423500 0.747049     +1020.00000 -1020.03125 -1020.00000 +1020.00000 -1020.00000    +1019.96875 -1020.00000 +1020.00000 -1020.03125 -1020.03125 1
23903 6702.886311000 5.110457     -1020.00000 -1020.00000 +1012.40625 +932.43750 +892.15625    +1019.96875 -1012.03125 -1020.00000 -972.53125 -900.31250 1
23904 6702.900198500 3.190297     -892.15625 -907.81250 -979.56250 +972.50000 +900.31250    +916.34375 +900.00000 +947.68750 -1020.50000 -932.43750 1
23905 6702.914086000 1.270520     -900.34375 -891.96875 -939.65625 -1019.50000 +940.43750    +940.40625 +900.12500 +915.78125 +979.56250 -980.50000 1
23906 6702.927973500 5.633928     -940.43750 -892.15625 -899.84375 -971.56250 +980.50000    +972.50000 +916.31250 +900.00000 +939.65625 +1019.46875 1
23907 6702.941861000 3.714151     -972.53125 -908.34375 -892.00000 -939.68750 +1020.50000    -1019.50000 +948.40625 +900.12500 +915.81250 +987.56250 1
23908 6702.955748500 1.793991     -1020.53125 -932.43750 -892.18750 -915.84375 -979.59375    -971.56250 +972.50000 +908.34375 +892.00000 +939.65625 1
23909 6702.969636000 6.157399     +971.53125 -972.50000 -916.31250 -892.03125 -939.68750    -931.68750 +1020.50000 +948.40625 +892.18750 +907.81250 1
23910 6702.983523500 4.237622     +931.68750 +1019.46875 -932.46875 -900.18750 -907.84375    -907.84375 -971.56250 +980.50000 +908.34375 +892.00000 1
23911 6702.997411000 2.317845     +915.81250 +971.56250 -972.53125 -908.34375 -892.00000    -892.03125 -931.68750 -1019.53125 +940.43750 +892.18750 1
23912 6703.011298500 0.398068     +891.96875 +939.65625 -1020.50000 -940.43750 -892.18750    -892.18750 -907.81250 -979.56250 +988.46875 +916.31250 1
23913 6703.025186000 4.761093     +900.15625 +907.81250 +971.56250 -980.53125 -908.34375    -900.34375 -892.00000 -931.65625 +1020.50000 +940.43750 1
23914 6703.039073500 2.841316     +916.31250 +900.03125 +931.65625 -1020.53125 -940.43750    -932.46875 -900.18750 -899.84375 -979.56250 +980.50000 1
23915 6703.052961000 0.921539     +940.43750 +892.18750 +915.81250 +979.56250 -980.50000    -972.53125 -916.34375 -892.03125 -939.68750 -1019.50000 1
23916 6703.066848500 5.284947     +980.50000 +916.31250 +891.96875 +931.65625 +1019.46875    +1019.50000 -940.46875 -892.18750 -907.84375 -971.56250 1
23917 6703.080736000 3.364787     -1011.50000 +948.43750 +900.21875 +907.81250 +971.56250    +979.53125 -980.50000 -916.37500 -892.03125 -939.68750 1
23918 6703.094623500 1.445010     -971.59375 +988.50000 +908.34375 +892.00000 +931.65625    +939.65625 +1019.50000 -940.50000 -892.18750 -907.84375 1
23919 6703.108511000 5.808418     -931.68750 -1019.50000 +948.43750 +900.18750 +907.81250    +899.84375 +979.53125 -980.50000 -908.34375 -892.03125 1
23920 6703.122398500 3.888641     -907.84375 -963.59375 +988.50000 +924.34375 +900.03125    +900.00000 +939.68750 +1019.50000 -948.46875 -900.21875 1
23921 6703.136286000 1.968481     -892.06250 -923.68750 -1019.50000 +940.43750 +892.18750    +900.18750 +899.84375 +971.53125 -980.53125 -916.34375 1
23922 6703.150173500 0.048704     -892.21875 -899.84375 -971.56250 +980.46875 +916.34375    +924.34375 +892.03125 +931.68750 +1019.50000 -940.43750 1
23923 6703.164061000 4.412112     -916.34375 -892.03125 -923.71875 -1011.50000 +948.46875    +948.46875 +900.18750 +907.84375 +963.53125 -988.53125 1
23924 6703.177948500 2.492335     -948.46875 -900.21875 -907.87500 -971.56250 +980.50000    +988.50000 +908.31250 +900.03125 +939.68750 +1019.46875 1
23925 6703.191836000 0.572558     -988.53125 -916.37500 -900.06250 -931.71875 -1011.53125    -1011.53125 +956.43750 +900.18750 +907.87500 +971.56250 1
23926 6703.205723500 4.935583     +1019.46875 -948.43750 -892.21875 -899.87500 -963.59375    -963.59375 +980.50000 +916.34375 +884.03125 +931.68750 1
23927 6703.219611000 3.015806     +971.56250 -988.50000 -916.37500 -892.03125 -923.71875    -923.68750 -1019.50000 +956.43750 +892.21875 +899.84375 1
23928 6703.233498500 1.096029     +931.68750 +1011.46875 -948.50000 -900.25000 -899.87500    -899.90625 -963.59375 +996.50000 +916.37500 +892.03125 1
23929 6703.247386000 5.459438     +907.84375 +971.56250 -988.53125 -908.34375 -892.06250    -892.06250 -923.71875 -1011.50000 +948.46875 +892.21875 1
23930 6703.261273500 3.539277     +892.06250 +923.68750 +1019.46875 -948.46875 -892.25000    -900.21875 -899.87500 -971.56250 +988.50000 +908.34375 1
23931 6703.275161000 1.619500     +900.21875 +899.87500 +971.56250 -996.50000 -924.40625    -924.37500 -884.09375 -931.71875 -1011.50000 +956.46875 1
23932 6703.289048500 5.982909     +924.37500 +884.06250 +923.68750 +1011.50000 -948.50000    -948.50000 -900.21875 -899.87500 -963.59375 +996.50000 1
23933 6703.302936000 4.063132     +956.46875 +900.21875 +907.87500 +971.56250 -988.50000    -988.53125 -916.40625 -892.09375 -923.75000 -1011.53125 1
23934 6703.316823500 2.143355     +996.50000 +924.37500 +892.06250 +923.71875 +1011.50000    +1011.53125 -956.50000 -892.25000 -907.87500 -963.62500 1
23935 6703.330711000 0.223194     -1011.50000 +956.43750 +892.21875 +899.87500 +971.56250    +963.59375 -988.53125 -916.37500 -884.06250 -923.71875 1
23936 6703.344598500 4.586603     -963.59375 +996.53125 +924.37500 +900.03125 +931.68750    +923.71875 +1003.50000 -956.50000 -892.25000 -907.87500 1
23937 6703.358486000 2.666826     -923.71875 -1003.53125 +956.46875 +892.21875 +899.84375    +899.87500 +963.59375 -996.53125 -916.43750 -892.06250 1
23938 6703.372373500 0.747049     -899.90625 -955.56250 +1004.53125 +924.37500 +892.06250    +900.03125 +923.71875 +1003.50000 -956.50000 -900.25000 1
23939 6703.386261000 5.110073     -892.09375 -923.75000 -1003.50000 +956.46875 +900.21875    +908.21875 +899.87500 +955.59375 -996.53125 -916.40625 1
23940 6703.400148500 3.190297     -900.28125 -899.87500 -963.62500 +996.50000 +924.34375    +924.34375 +892.06250 +931.68750 +1003.50000 -956.46875 1
23941 6703.414036000 1.270520     -924.37500 -892.09375 -915.75000 -995.50000 +956.46875    +956.46875 +908.21875 +907.90625 +963.59375 -996.53125 1
23942 6703.427923500 5.633928     -948.50000 -900.25000 -899.87500 -955.59375 +996.50000    +996.50000 +924.37500 +884.06250 +915.71875 +1003.50000 1
23943 6703.441811000 3.714151     -1004.53125 -916.43750 -884.09375 -915.71875 -1003.50000    -995.53125 +956.50000 +900.25000 +899.90625 +955.59375 1
23944 6703.455698500 1.793991     +1003.46875 -956.46875 -900.25000 -891.93750 -963.59375    -947.62500 +996.50000 +924.37500 +892.06250 +923.71875 1
23945 6703.469586000 6.157399     +955.59375 -996.53125 -916.40625 -892.09375 -923.75000    -923.75000 -1003.53125 +956.46875 +900.21875 +907.90625 1
23946 6703.483473500 4.237622     +923.75000 +1003.50000 -956.50000 -900.28125 -899.90625    -891.90625 -955.59375 +1004.53125 +924.40625 +900.06250 1
23947 6703.497361000 2.317845     +899.87500 +963.59375 -996.53125 -932.40625 -884.12500    -892.09375 -915.78125 -1003.53125 +956.46875 +900.25000 1
23948 6703.511248500 0.397685     +892.06250 +915.75000 +995.50000 -956.50000 -900.28125    -900.28125 -891.90625 -955.59375 +996.50000 +924.40625 1
23949 6703.525136000 4.761093     +900.25000 +899.90625 +955.62500 -1004.53125 -916.43750    -924.40625 -884.12500 -923.75000 -995.56250 +964.46875 1
23950 6703.539023500 2.841316     +924.37500 +892.09375 +923.75000 +995.50000 -964.50000    -956.46875 -900.28125 -891.93750 -955.59375 +1004.53125 1
23951 6703.552911000 0.921539     +964.46875 +900.28125 +899.90625 +955.62500 -1004.50000    -1004.50000 -924.40625 -884.12500 -923.75000 -995.53125 1
23952 6703.566798500 5.284947     +1012.50000 +932.37500 +892.12500 +923.75000 +995.53125    +1003.50000 -964.46875 -908.28125 -891.93750 -955.62500 1
23953 6703.580686000 3.364787     -1003.53125 +964.46875 +908.25000 +899.93750 +955.59375    +963.59375 -1004.50000 -924.40625 -884.12500 -915.78125 1
23954 6703.594573500 1.445010     -955.59375 +1004.50000 +924.40625 +892.09375 +915.75000    +915.75000 +1003.50000 -956.50000 -900.25000 -891.90625 1
23955 6703.608461000 5.808418     -915.75000 -995.53125 +964.50000 +900.25000 +891.93750    +899.93750 +955.62500 -1004.53125 -924.43750 -884.12500 1
23956 6703.622348500 3.888641     -891.93750 -955.62500 +1004.50000 +932.37500 +892.12500    +892.12500 +915.75000 +995.53125 -964.50000 -900.28125 1
23957 6703.636236000 1.968481     -884.12500 -907.78125 -995.53125 +964.50000 +900.28125    +908.25000 +899.93750 +947.59375 -1004.56250 -932.46875 1
23958 6703.650123500 0.048704     -900.28125 -899.93750 -947.62500 +1012.50000 +932.40625    +924.40625 +900.09375 +915.75000 +987.53125 -964.50000 1
23959 6703.664011000 4.412112     -924.43750 -892.09375 -915.75000 -995.53125 +972.46875    +964.46875 +900.25000 +891.93750 +955.59375 -1004.50000 1
23960 6703.677898500 2.492335     -964.50000 -900.31250 -891.93750 -939.62500 +1012.53125    +1004.50000 +924.40625 +892.12500 +907.75000 +987.53125 1
23961 6703.691786000 0.572558     -1004.53125 -924.40625 -892.12500 -915.78125 -987.56250    -987.53125 +964.50000 +908.25000 +899.96875 +947.62500 1
23962 6703.705673500 4.935583     +987.53125 -972.53125 -900.31250 -899.96875 -947.65625    -947.65625 +1020.50000 +932.40625 +900.12500 +915.78125 1
23963 6703.719561000 3.015806     +947.62500 -1004.53125 -924.40625 -892.12500 -915.78125    -915.78125 -987.53125 +964.50000 +908.28125 +891.93750 1
23964 6703.733448500 1.096029     +907.78125 +995.50000 -964.50000 -908.31250 -899.96875    -891.96875 -947.62500 +1012.50000 +932.40625 +900.09375 1
23965 6703.747336000 5.459438     +899.93750 +947.62500 -1004.53125 -932.46875 -900.15625    -892.12500 -915.78125 -987.53125 +964.50000 +908.31250 1
23966 6703.761223500 3.539277     +892.12500 +907.75000 +995.50000 -964.53125 -900.34375    -900.34375 -891.96875 -947.65625 +1012.50000 +932.43750 1
23967 6703.775111000 1.619500     +908.28125 +899.96875 +947.62500 -1020.53125 -932.43750    -924.43750 -892.15625 -915.81250 -987.56250 +972.50000 1
23968 6703.788998500 5.982909     +932.43750 +900.12500 +907.78125 +987.53125 -964.53125    -972.53125 -908.31250 -899.96875 -939.65625 +1020.53125 1
23969 6703.802886000 4.063132     +980.50000 +908.31250 +891.96875 +955.62500 -1012.53125    -1012.53125 -932.43750 -892.15625 -907.78125 -987.53125 1
23970 6703.816773500 2.143355     +1012.50000 +940.40625 +900.12500 +915.81250 +979.53125    +979.53125 -972.50000 -908.31250 -899.96875 -947.65625 1
23971 6703.830661000 0.223194     -987.53125 +980.46875 +908.31250 +899.96875 +939.65625    +939.62500 -1012.50000 -932.43750 -884.18750 -915.81250 1
23972 6703.844548500 4.586603     -939.68750 +1020.46875 +932.43750 +892.15625 +907.78125    +915.78125 +979.53125 -980.50000 -908.34375 -892.00000 1
23973 6703.858436000 2.666826     -907.81250 -987.56250 +980.53125 +908.31250 +891.96875    +899.96875 +947.65625 +1019.46875 -924.46875 -892.18750 1
23974 6703.872323500 0.747049     -899.96875 -939.68750 -1019.53125 +940.43750 +892.15625    +900.15625 +915.81250 +979.56250 -972.50000 -908.34375 1
23975 6703.886211000 5.110073     -892.15625 -915.81250 -987.53125 +972.46875 +916.34375    +908.31250 +891.96875 +947.62500 -1012.56250 -932.43750 1
23976 6703.900098500 3.190297     -908.31250 -884.00000 -939.68750 -1019.50000 +940.43750    +932.43750 +900.15625 +915.81250 +979.56250 -972.53125 1
23977 6703.913986000 1.270520     -932.46875 -892.15625 -907.81250 -979.56250 +972.50000    +980.46875 +908.31250 +899.96875 +939.65625 -1020.53125 1
23978 6703.927873500 5.633928     -972.53125 -908.31250 -900.00000 -939.68750 +1020.50000    -1019.50000 +932.43750 +900.15625 +907.84375 +987.56250 1
23979 6703.941761000 3.714151     -1012.53125 -932.43750 -884.18750 -907.81250 -971.56250    -979.56250 +972.50000 +908.31250 +892.00000 +939.65625 1
23980 6703.955648500 1.793991     +979.53125 -980.53125 -908.34375 -892.00000 -931.71875    -939.65625 -1019.50000 +940.43750 +900.15625 +915.81250 1
23981 6703.969536000 6.157399     +947.65625 -1020.53125 -932.46875 -892.15625 -907.81250    -907.84375 -979.56250 +980.50000 +916.31250 +883.96875 1
23982 6703.983423500 4.237622     +915.81250 +979.56250 -980.50000 -916.34375 -892.00000    -892.00000 -939.68750 -1019.50000 +948.46875 +884.15625 1
23983 6703.997311000 2.317845     +892.00000 +939.65625 +1019.50000 -940.46875 -884.21875    -892.21875 -907.81250 -971.56250 +988.50000 +908.34375 1
23984 6704.011198500 0.397685     +900.15625 +915.81250 +979.53125 -972.53125 -908.37500    -908.31250 -900.00000 -939.68750 +1020.50000 +940.46875 1
23985 6704.025086000 4.761093     +908.34375 +899.96875 +939.68750 +1019.50000 -940.43750    -940.46875 -892.18750 -907.84375 -971.59375 +972.46875 1
23986 6704.038973500 2.841316     +948.43750 +892.18750 +899.84375 +979.56250 -980.50000    -972.53125 -900.37500 -892.03125 -931.71875 +1020.46875 1
23987 6704.052861000 0.921539     +988.46875 +908.34375 +900.00000 +939.68750 +1019.50000    -1020.53125 -948.46875 -892.21875 -907.84375 -979.56250 1
23988 6704.066748500 5.284947     -1019.50000 +940.43750 +900.21875 +915.84375 +971.56250    +979.56250 -980.50000 -916.34375 -892.03125 -939.68750 1
23989 6704.080636000 3.364787     -971.59375 +980.53125 +916.34375 +892.00000 +931.65625    +939.65625 +1019.46875 -940.50000 -892.18750 -899.87500 1
23990 6704.094523500 1.445010     -931.71875 -1011.53125 +948.43750 +900.18750 +907.84375    +915.84375 +971.56250 -988.53125 -916.37500 -892.03125 1
23991 6704.108411000 5.808418     -899.84375 -971.56250 +988.50000 +908.34375 +892.00000    +892.03125 +931.68750 -1020.53125 -940.46875 -892.21875 1
23992 6704.122298500 3.888641     -884.06250 -931.68750 -1019.50000 +948.43750 +900.15625    +900.18750 +899.84375 +971.53125 -988.50000 -916.34375 1
23993 6704.136186000 1.968481     -892.25000 -899.87500 -971.56250 +980.50000 +908.34375    +916.34375 +892.03125 +931.68750 +1019.46875 -940.46875 1
23994 6704.150073500 0.048704     -916.34375 -892.03125 -931.68750 -1019.50000 +948.43750    +948.46875 +900.18750 +907.84375 +979.53125 -988.50000 1
23995 6704.163961000 4.412112     -948.50000 -900.21875 -899.87500 -963.56250 +988.50000    +988.50000 +916.37500 +892.03125 +923.68750 +1011.50000 1
23996 6704.177848500 2.492335     -988.50000 -916.37500 -884.06250 -939.71875 -1003.53125    -1011.50000 +948.43750 +892.18750 +907.84375 +971.59375 1
23997 6704.191736000 0.572558     +1011.50000 -948.50000 -892.25000 -899.87500 -971.56250    -971.59375 +988.50000 +908.34375 +892.03125 +939.65625 1
23998 6704.205623500 4.935583     +971.59375 -988.50000 -908.37500 -892.03125 -931.71875    -931.68750 -1019.53125 +948.46875 +892.21875 +907.84375 1
23999 6704.219511000 3.015806     +931.68750 +1011.50000 -948.50000 -892.21875 -907.87500    -899.87500 -963.56250 +988.53125 +908.34375 +900.03125 1
24000 6704.233398500 1.096029     +899.87500 +963.56250 -988.53125 -908.37500 -892.03125    -892.06250 -923.71875 -1011.50000 +940.46875 +892.21875 1
24001 6704.247286000 5.459438     +892.00000 +931.71875 +1011.50000 -940.50000 -892.25000    -892.21875 -899.90625 -963.59375 +988.53125 +916.37500 1
24002 6704.261173500 3.539277     +900.21875 +899.87500 +971.59375 -988.50000 -916.34375    -916.37500 -892.06250 -931.71875 -1011.50000 +948.46875 1
24003 6704.275061000 1.619500     +924.34375 +892.06250 +923.68750 +1011.46875 -940.50000    -948.46875 -900.25000 -899.90625 -971.59375 +996.50000 1
24004 6704.288948500 5.982909     +948.46875 +892.18750 +899.84375 +963.56250 -996.53125    -996.53125 -916.37500 -892.03125 -923.71875 -1003.50000 1
24005 6704.302836000 4.063132     +996.50000 +924.34375 +892.03125 +923.68750 +1003.50000    +1011.53125 -948.46875 -892.25000 -899.87500 -963.59375 1
24006 6704.316723500 2.143355     -1003.53125 +948.46875 +900.21875 +899.87500 +963.56250    +963.59375 -996.53125 -908.40625 -892.09375 -923.71875 1
24007 6704.330611000 0.223194     -955.62500 +996.46875 +924.37500 +892.06250 +923.71875    +931.71875 +1011.50000 -956.46875 -900.25000 -899.90625 1
24008 6704.344498500 4.586603     -923.71875 -1011.53125 +948.46875 +892.21875 +899.87500    +899.87500 +963.56250 -996.50000 -916.37500 -892.06250 1
24009 6704.358386000 2.666826     -899.90625 -963.59375 +996.50000 +916.37500 +900.03125    +892.03125 +931.71875 +1011.53125 -948.46875 -892.21875 1
24010 6704.372273500 0.747049     -892.09375 -931.75000 -1003.53125 +948.46875 +900.21875    +892.25000 +907.84375 +963.56250 -996.50000 -916.37500 1
24011 6704.386161000 5.110073     -892.25000 -899.87500 -963.62500 +996.50000 +924.37500    +924.40625 +900.06250 +931.68750 +1011.50000 -948.46875 1
24012 6704.400048500 3.190297     -924.37500 -892.09375 -923.78125 -1003.53125 +964.46875    +956.46875 +908.21875 +899.90625 +963.59375 -996.50000 1
24013 6704.413936000 1.270520     -948.46875 -900.28125 -899.87500 -963.62500 +1004.53125    +996.50000 +924.40625 +884.06250 +931.68750 +1003.53125 1
24014 6704.427823500 5.633928     -996.53125 -916.43750 -884.12500 -915.78125 -1003.50000    -1003.50000 +964.43750 +900.25000 +899.90625 +955.59375 1
24015 6704.441711000 3.714151     +1003.53125 -956.50000 -900.28125 -899.93750 -955.62500    -963.62500 +1004.50000 +924.40625 +892.09375 +923.75000 1
24016 6704.455598500 1.793991     +963.56250 -1004.53125 -924.40625 -892.09375 -923.71875    -923.75000 -995.53125 +956.50000 +900.25000 +899.90625 1
24017 6704.469486000 6.157399     +915.75000 +1003.46875 -956.50000 -900.28125 -899.90625    -899.90625 -955.59375 +1004.53125 +924.37500 +900.09375 1
24018 6704.483373500 4.237622     +899.87500 +955.62500 -1004.53125 -924.40625 -892.12500    -892.12500 -923.75000 -995.53125 +964.46875 +900.25000 1
24019 6704.497261000 2.317845     +892.06250 +923.75000 +1003.50000 -956.46875 -900.28125    -892.28125 -899.90625 -955.59375 +996.50000 +924.37500 1
24020 6704.511148500 0.397685     +900.28125 +899.90625 +955.59375 -996.53125 -924.40625    -916.40625 -892.12500 -915.75000 -1003.53125 +956.50000 1
24021 6704.525036000 4.761093     +924.40625 +892.09375 +923.75000 +1003.50000 -956.50000    -964.50000 -900.28125 -899.90625 -955.59375 +996.50000 1
24022 6704.538923500 2.841316     +956.46875 +908.25000 +899.90625 +955.59375 -1004.53125    -1004.53125 -916.43750 -884.12500 -923.75000 -995.53125 1
24023 6704.552811000 0.921539     +1004.53125 +916.37500 +892.06250 +923.75000 +995.53125    +995.50000 -956.50000 -900.28125 -891.93750 -947.62500 1
24024 6704.566698500 5.284947     -1003.53125 +956.43750 +908.25000 +899.93750 +947.59375    +947.59375 -996.53125 -924.40625 -884.12500 -915.78125 1
24025 6704.580586000 3.364787     -947.62500 +1012.50000 +932.37500 +900.12500 +923.71875    +923.71875 +995.50000 -964.46875 -908.28125 -899.93750 1
24026 6704.594473500 1.445010     -915.78125 -987.53125 +956.50000 +900.28125 +891.90625    +899.90625 +947.59375 -1012.50000 -916.43750 -892.09375 1
24027 6704.608361000 5.808418     -891.93750 -947.65625 +1012.53125 +924.40625 +892.09375    +900.09375 +915.78125 +995.50000 -956.50000 -892.31250 1
24028 6704.622248500 3.888641     -892.12500 -915.75000 -995.53125 +964.46875 +900.28125    +908.25000 +899.90625 +955.59375 -1004.53125 -924.43750 1
24029 6704.636136000 1.968481     -908.28125 -891.96875 -947.65625 +1012.50000 +932.40625    +924.40625 +892.12500 +915.75000 +987.50000 -964.50000 1
24030 6704.650023500 0.048704     -924.43750 -892.09375 -923.78125 -995.53125 +964.50000    +972.46875 +900.28125 +899.93750 +955.59375 -1004.53125 1
24031 6704.663911000 4.412112     -964.50000 -908.28125 -899.93750 -955.65625 +1012.50000    +1004.53125 +932.37500 +900.09375 +923.75000 +995.50000 1
24032 6704.677798500 2.492335     -1012.50000 -924.43750 -892.12500 -915.78125 -995.53125    -995.53125 +964.50000 +900.28125 +899.93750 +955.62500 1
24033 6704.691686000 0.572558     +995.53125 -964.53125 -908.31250 -899.96875 -947.65625    -947.65625 +1012.50000 +932.40625 +900.09375 +915.78125 1
24034 6704.705573500 4.935583     +947.62500 -1012.56250 -924.43750 -892.12500 -915.78125    -907.81250 -995.53125 +972.50000 +900.28125 +891.93750 1
24035 6704.719461000 3.015806     +923.75000 +995.50000 -964.46875 -900.28125 -891.96875    -891.96875 -947.62500 +1012.50000 +932.40625 +900.12500 1
24036 6704.733348500 1.096029     +899.93750 +947.62500 -1012.53125 -924.43750 +979.65625    -892.15625 -915.81250 -987.53125 +972.50000 +908.28125 1
24037 6704.747236000 5.459438     +1019.93750 +1019.96875 +1020.00000 +1020.00000 +1019.96875    +1019.90625 +1019.93750 +1019.93750 +1019.96875 -1020.03125 1
24038 6704.761123500 3.539277     -1020.00000 +1020.00000 -1020.03125 -1020.00000 -1020.00000    -1020.00000 -1020.03125 -1020.00000 +1020.00000 +1019.96875 1
24039 6704.775011000 1.619500     +1020.00000 +1019.96875 -1020.03125 -1012.00000 -1019.96875    -1020.03125 -1020.00000 -1020.00000 +1020.00000 +1019.96875 1
24040 6704.788898500 5.982909     -1020.00000 -1020.03125 -1020.03125 -1020.00000 +1020.00000    +1020.00000 -1020.03125 -1020.00000 +1020.00000 +1020.00000 1
24041 6704.802786000 4.063132     -1020.03125 +1020.00000 -1020.03125 -1020.00000 -1020.00000    -1020.00000 -1020.03125 -1020.00000 +1020.00000 +1019.96875 1
24042 6704.816673500 2.143355     -1020.03125 +1020.00000 +1019.96875 -1020.03125 -1020.00000    -1020.03125 -1020.03125 -1020.00000 +1020.00000 +1019.96875 1
24043 6704.830561000 0.223194     -1020.03125 -1020.00000 -1020.00000 -1020.00000 -1020.03125    -1020.03125 +1020.00000 +1020.00000 +1020.00000 +1020.00000 1
24044 6704.844448500 4.586603     -1020.00000 +1020.00000 -1020.03125 -1020.00000 -1020.00000    +1020.00000 -1020.03125 -1020.00000 +1020.00000 +1020.00000 1
24045 6704.858336000 2.666826     +1019.96875 +1020.00000 +1020.00000 +1019.96875 +1019.96875    -1020.03125 -1020.03125 -1020.03125 -1020.03125 -1020.03125 1
24046 6704.872223500 0.747049     +1020.00000 +1020.00000 -1020.03125 +1019.96875 -1020.03125    -1020.00000 -1020.03125 -1020.00000 -1020.00000 -1020.03125 1
24047 6704.886111000 5.110073     -1020.00000 -1020.00000 +1020.00000 -1020.03125 -1020.00000    -1020.03125 -1020.00000 -1020.03125 -1020.00000 +1020.00000 1
24048 6704.899998500 3.190297     -1020.03125 +1020.00000 -1020.03125 -1020.00000 -1020.00000    +1020.00000 -1020.03125 -1019.96875 +1020.00000 +1020.00000 1
24049 6704.913886000 1.270520     -1020.00000 -1020.00000 -1020.00000 -1020.00000 -1020.00000    -1020.03125 +1019.96875 +1020.00000 -1020.03125 +1019.96875 1
24050 6704.927773500 5.633928     -1020.00000 -1020.00000 -1020.03125 -1020.00000 -1020.00000    -1020.03125 -1020.00000 +1020.00000 +1020.00000 -1020.03125 1
24051 6704.941661000 3.714151     +1020.00000 -1020.03125 -1020.00000 +1019.96875 +1019.96875    +1020.00000 -1020.00000 +1020.00000 -1020.00000 -1020.00000 1
24052 6704.955548500 1.793991     -1020.00000 -1020.00000 -1020.00000 -1020.00000 +1020.00000    -1020.00000 +1020.00000 -1020.03125 -1020.03125 -1020.03125 1
24053 6704.969436000 6.157399     -1020.00000 -1012.03125 -1020.03125 +1020.00000 -1020.03125    -1020.03125 +1020.00000 +1020.00000 +1020.00000 -1020.03125 1
24054 6704.983323500 4.237622     -1020.00000 -1020.00000 +1020.00000 +1019.96875 +1019.96875    +1020.00000 +1020.00000 -1020.03125 -1020.00000 -1020.00000 1
24055 6704.997211000 2.317845     -1020.03125 -1020.00000 -1020.03125 -1020.00000 -1020.00000    -1020.03125 +1020.00000 +1019.96875 -1020.03125 +1020.00000 1
24056 6705.011098500 0.397685     +1020.00000 -1020.03125 +1019.96875 -1020.00000 -1020.00000    +1020.03125 -1020.00000 -1020.00000 +1020.00000 +1019.96875 1
24057 6705.024986000 4.761093     -1020.03125 +1020.00000 +1020.00000 -1012.03125 -1020.03125    -1020.03125 +1019.96875 -1020.03125 -1020.00000 -1020.00000 1
24058 6705.038873500 2.841316     -1020.00000 -1020.03125 -1020.03125 -1020.00000 -1020.00000    -1020.00000 +1020.00000 -1020.00000 +1020.00000 +1020.00000 1
24059 6705.052761000 0.921539     +1020.00000 +1020.00000 +1019.96875 +1019.96875 -1020.03125    -1020.00000 -1020.03125 -1020.00000 -1020.00000 -1020.00000 1
24060 6705.066648500 5.284947     -1020.00000 -1020.00000 -1020.03125 -1020.00000 -1020.03125    +1020.00000 -1020.03125 +1020.00000 +1020.00000 +1020.00000 1
24061 6705.080536000 3.364787     +1020.00000 -1020.03125 -1020.00000 +1020.00000 +1020.00000    +1019.96875 -1020.00000 +1020.00000 -1020.03125 -1020.03125 1
24062 6705.094423500 1.445010     -1020.03125 +1020.00000 -1020.03125 +1020.00000 -1020.03125    -1020.00000 -1020.03125 -1020.00000 -1020.03125 -1020.00000 1
24063 6705.108311000 5.808418     +1020.00000 -1020.03125 -1020.03125 -1020.00000 +1020.00000    +1020.00000 -1020.00000 -1020.00000 +1020.00000 -1020.03125 1
24064 6705.122198500 3.888641     -1020.00000 -1020.00000 -1020.03125 -1020.00000 -1020.00000    +1020.00000 +1020.00000 +1020.00000 +1019.96875 +1019.96875 1
24065 6705.136086000 1.968481     +1020.00000 -1020.03125 -1020.00000 -1020.00000 -1020.00000    -1020.00000 -1020.00000 +1019.96875 -1020.03125 -1020.03125 1
24066 6705.149973500 0.048704     +1020.00000 +1020.00000 +1020.00000 +1019.96875 -1020.03125    -1020.03125 -1020.03125 -1020.03125 -1020.00000 -1020.00000 1
24067 6705.163861000 4.412112     -1020.03125 -1020.00000 -1020.00000 -1020.00000 -1020.00000    -1020.03125 +1020.00000 +1020.00000 +1020.00000 +1019.96875 1
24068 6705.177748500 2.492335     +1020.00000 -1020.03125 -1020.03125 -1020.03125 -1020.00000    -1020.00000 -1020.00000 +1020.00000 +1020.00000 -1020.00000 1
24069 6705.191636000 0.572558     -1020.00000 -1020.00000 -1020.03125 -1020.00000 -1020.00000    +1020.00000 +1019.96875 -1020.03125 -1020.00000 +1020.00000 1
24070 6705.205523500 4.935583     -1020.03125 -1020.00000 +1020.00000 -1020.03125 -1020.03125    -1020.03125 +1019.96875 -1020.00000 -1020.00000 -1020.00000 1
24071 6705.219411000 3.015806     +1020.00000 -1020.03125 +1020.00000 -1020.00000 -1020.00000    -1020.03125 +1020.00000 +1019.96875 -1020.03125 +1019.96875 1
24072 6705.233298500 1.096029     -1020.03125 -1020.00000 -1020.00000 -1020.00000 +1020.00000    -1020.00000 +1020.00000 -1020.03125 +1019.96875 -1020.03125 1
24073 6705.247186000 5.459438     -1020.00000 +1020.00000 -1020.03125 -1020.03125 -1020.03125    +1020.00000 -1020.03125 -1020.00000 -1020.00000 -1020.00000 1
24074 6705.261073500 3.539277     -1020.03125 +1019.96875 +1019.96875 +1019.96875 +1020.00000    -1020.00000 -1020.03125 -1020.00000 -1020.00000 -1020.00000 1
24075 6705.274961000 1.619500     +1019.96875 -1020.00000 -1020.00000 -1020.00000 +1020.00000    -1020.03125 +1020.00000 +1019.96875 -1020.03125 -1012.03125 1
24076 6705.288848500 5.982909     -1020.00000 -1020.03125 -1020.00000 +1020.00000 +1020.00000    -1020.03125 +1020.00000 +1020.00000 +1019.96875 -1020.03125 1
24077 6705.302736000 4.063132     -1020.03125 -1020.03125 -1020.00000 -1020.00000 +1019.96875    -1020.03125 -1020.00000 +1019.96875 +1019.96875 -1020.00000 1
24078 6705.316623500 2.143355     -1020.03125 -1020.00000 +1020.00000 -1020.03125 -1020.03125    -1020.00000 +1019.96875 -1020.03125 -1020.00000 -1020.00000 1
24079 6705.330511000 0.223194     +1020.00000 +1020.00000 -1020.00000 +1020.00000 +1020.00000    +1020.00000 -1020.03125 -1020.00000 -1020.03125 -1019.96875 1
24080 6705.344398500 4.586603     -1020.03125 -1020.00000 -1020.00000 -1020.00000 +1020.00000    -1020.00000 +1019.96875 +1020.00000 -1020.03125 -1020.03125 1
24081 6705.358286000 2.666826     -1020.03125 -1019.96875 -1020.00000 +1020.00000 +1019.96875    -1020.03125 +1020.00000 -1020.03125 -1020.00000 -1019.96875 1
24082 6705.372173500 0.747049     -1020.00000 -1020.00000 +1020.00000 +1019.96875 -1020.03125    -1020.03125 +1019.96875 +1019.96875 -1020.00000 -1020.00000 1
24083 6705.386061000 5.110073     +1020.00000 +1020.00000 -1020.00000 +1020.00000 +1020.00000    +1020.00000 -1020.03125 +1019.96875 -1020.00000 -1020.00000 1
24084 6705.399948500 3.190297     -1012.00000 -1020.03125 -1020.00000 -1020.00000 -1020.00000    -1020.03125 +1020.00000 +1020.00000 +1019.96875 -1020.03125 1
24085 6705.413836000 1.270520     +1020.00000 -1020.00000 +1020.00000 -1020.00000 -1020.03125    -1020.03125 +1020.00000 -1020.03125 -1020.00000 +1020.00000 1
24086 6705.427723500 5.633928     -1020.00000 -1020.00000 -1020.00000 +1020.00000 +1020.00000    -1020.00000 -1012.03125 -1020.03125 -1020.00000 -1020.03125 1
24087 6705.441611000 3.713767     -1020.03125 -1020.00000 -1020.00000 -1020.00000 +1019.96875    -1020.00000 +1019.96875 -1020.03125 -1020.03125 -1020.03125 1
24088 6705.455498500 1.793991     -1020.03125 -1020.00000 +1020.00000 -1020.03125 -1020.03125    -1020.00000 -1020.00000 -1020.03125 -1020.00000 -1020.00000 1
24089 6705.469386000 6.157399     +1019.96875 -1020.00000 +1019.96875 +1019.96875 +1020.00000    -1019.96875 -1020.03125 -1020.00000 -1020.00000 -1020.03125 1
24090 6705.483273500 4.237622     +1020.00000 +1020.00000 -1020.03125 +1020.00000 +1020.00000    -1020.03125 +1019.96875 -1020.00000 -1020.00000 -1020.00000 1
24091 6705.497161000 2.317845     +1020.00000 -1020.03125 +1020.00000 +1019.96875 -1020.03125    +1019.96875 +1020.00000 +1020.00000 -1020.00000 -1020.00000 1
24092 6705.511048500 0.397685     -1020.03125 +1020.00000 -1020.00000 -1020.00000 -1020.00000    +1020.00000 -1020.03125 -1020.00000 +1020.00000 -1020.03125 1
24093 6705.524936000 4.761093     +1020.00000 -1020.03125 -1020.00000 +1020.00000 -1020.03125    -1020.03125 -1020.00000 +1020.00000 -1020.03125 -1020.00000 1
24094 6705.538823500 2.841316     +1019.96875 +1020.00000 -1020.00000 -1020.00000 -1020.00000    -1020.00000 -1020.03125 -1020.00000 +1020.00000 -1020.00000 1
24095 6705.552711000 0.921539     +1020.00000 -1020.03125 -1020.00000 -1020.00000 -1020.00000    -1020.03125 +1020.00000 +1020.00000 +1019.96875 +1020.00000 1
24096 6705.566598500 5.284564     -1020.03125 -1020.00000 -1020.00000 +1020.00000 +1019.96875    -1020.00000 +1020.00000 +1019.96875 -1020.03125 -1020.00000 1
24097 6705.580486000 3.364787     -1020.00000 -1020.00000 -1020.00000 +1019.96875 +1019.96875    -1020.00000 +1020.00000 -1020.03125 -1020.03125 -1020.00000 1
24098 6705.594373500 1.445010     -1020.03125 -1020.00000 -1020.00000 -1020.00000 -1020.03125    -1020.03125 +1019.96875 +1020.00000 +1019.96875 +1020.00000 1
24099 6705.608261000 5.808418     +1020.00000 -1020.03125 -1020.00000 +1020.00000 -1020.00000    -1020.03125 -1020.00000 -1020.00000 -1020.03125 -1020.00000 1
24100 6705.622148500 3.888641     +1020.00000 -1020.03125 -1020.00000 -1020.00000 +1020.00000    -1020.00000 -1020.00000 +1019.96875 -1020.03125 +1019.96875 1
24101 6705.636036000 1.968481     +1019.96875 +1019.96875 -1020.03125 +1019.96875 -1020.03125    -1020.03125 -1020.00000 -1020.00000 -1020.00000 -1020.00000 1
24102 6705.649923500 0.048704     +1019.96875 +1020.00000 -1020.00000 +1020.00000 -1020.03125    -1020.00000 +1019.96875 -1020.03125 -1020.03125 -1020.00000 1
24103 6705.663811000 4.412112     -1020.00000 -1020.00000 -1020.00000 -1020.00000 -1020.00000    +1020.00000 -1020.03125 -1020.03125 -1020.03125 -1020.03125 1
24104 6705.677698500 2.492335     -1020.00000 -1020.00000 +1020.00000 +1019.96875 +1020.00000    -1020.03125 -1020.00000 -1020.03125 +1020.00000 +1020.00000 1
24105 6705.691586000 0.572175     -1020.00000 -1020.00000 +1020.00000 +1020.00000 -1020.03125    -1020.00000 -1012.03125 -1020.03125 -1020.00000 -1020.00000 1
24106 6705.705473500 4.935583     -1020.03125 -1020.00000 -1020.00000 -1020.00000 +1020.00000    -1020.03125 +1019.96875 +1019.96875 -1020.03125 -1020.03125 1
24107 6705.719361000 3.015806     +1020.00000 +1019.96875 -1020.03125 -1020.03125 -1020.03125    +1020.00000 -1020.00000 +1020.00000 +1020.00000 +1020.00000 1
24108 6705.733248500 1.096029     -1020.00000 -1020.03125 -1020.00000 -1012.00000 -1020.03125    -1020.03125 -1020.00000 +1020.00000 +1020.00000 +1020.00000 1
24109 6705.747136000 5.459438     +1020.00000 -1020.03125 +1019.96875 +1019.96875 -1020.00000    -1020.00000 -1020.00000 +1020.00000 +1020.00000 +1020.00000 1
24110 6705.761023500 3.539277     +1020.00000 +1019.96875 -1019.96875 -1020.00000 +1020.00000    -1020.00000 -1020.00000 -1020.00000 -1020.00000 -1020.00000 1
24111 6705.774911000 1.619500     +1020.00000 +1020.00000 -1020.03125 -1020.00000 +1020.00000    +1020.00000 -1020.00000 -1020.00000 +1019.96875 -1020.03125 1
24112 6705.788798500 5.982909     +1020.00000 -1020.03125 -1019.96875 +1020.00000 -1020.00000    -1020.03125 -1020.00000 +1020.00000 -1012.03125 -1020.00000 1
24113 6705.802686000 4.063132     -1020.03125 -1020.00000 +1020.00000 -1020.00000 -1020.00000    -1020.03125 -1020.03125 -1020.03125 +1020.03125 +1020.00000 1
24114 6705.816573500 2.142971     -1020.00000 -1020.00000 -1020.00000 -1020.00000 +1020.00000    -1020.03125 +1020.00000 +1020.00000 -1020.03125 -1020.03125 1
