23572 6698.275105500 128 128 128 128 128 128 128 127 128 128 127 127 128 128 127 128 128 127 127 128 127 127 128 128 127 
23573 6698.288993000 128 127 127 128 127 128 128 127 127 128 127 127 128 128 128 127 127 127 128 128 128 128 128 127 128 
23574 6698.302880500 128 128 127 128 127 128 127 128 128 127 128 128 127 128 128 127 128 128 127 128 128 127 127 128 128 
23575 6698.316768000 128 128 128 127 128 128 127 128 127 127 128 128 127 127 128 127 127 128 128 127 128 128 128 127 127 
23576 6698.330655500 128 128 127 128 127 128 128 128 127 128 128 128 127 128 128 127 128 128 127 128 128 128 127 128 128 
23577 6698.344543000 127 128 128 127 128 128 128 127 128 127 127 127 127 128 128 127 128 128 127 127 128 128 127 128 128 
23578 6698.358430500 127 128 128 128 127 128 127 128 128 128 127 128 128 127 127 128 127 127 128 127 127 128 128 127 128 
23579 6698.372318000 128 127 129 127 128 127 128 128 128 127 129 128 128 127 128 128 127 127 128 127 128 128 127 127 128 
23580 6698.386205500 128 127 128 127 128 127 127 128 128 127 128 127 127 128 127 127 129 128 127 128 127 128 128 128 127 
23581 6698.400093000 128 128 127 128 127 128 127 127 128 128 127 128 128 127 128 128 127 127 128 128 127 128 128 127 127 
23582 6698.413980500 128 127 128 127 128 128 127 128 128 127 128 128 127 127 128 128 127 127 127 128 127 127 128 128 127 
23583 6698.427868000 128 128 127 128 127 128 128 127 128 128 128 127 128 128 127 128 127 127 128 128 127 129 128 127 128 
23584 6698.441755500 128 128 127 128 128 128 128 127 128 128 127 127 128 128 127 128 128 128 128 127 128 127 127 128 128 
23585 6698.455643000 128 127 128 127 128 127 127 129 128 127 127 128 128 127 127 128 128 127 128 128 128 127 128 128 128 
23586 6698.469530500 127 128 128 128 128 127 128 127 127 128 128 127 128 128 127 127 128 128 128 128 128 127 127 128 127 
23587 6698.483418000 128 128 127 128 128 127 128 128 128 128 128 127 128 128 127 128 128 127 127 128 128 127 128 128 128 
23588 6698.497305500 127 128 127 128 128 128 128 127 128 128 128 128 128 127 129 128 128 127 128 127 127 128 128 127 128 
23589 6698.511193000 128 128 127 128 127 128 127 128 128 127 127 128 128 127 127 128 127 128 127 128 128 128 127 128 128 
23590 6698.525080500 128 127 128 128 128 128 127 128 128 128 128 128 128 127 128 128 128 128 128 127 128 128 127 128 128 
23591 6698.538968000 127 129 128 127 128 128 127 128 127 128 128 127 127 128 128 127 128 127 127 128 127 128 127 128 127 
23592 6698.552855500 127 128 127 128 128 128 128 128 127 128 128 128 128 128 127 128 128 128 128 127 128 128 127 128 128 
23593 6698.566743000 127 129 128 127 128 128 127 129 128 128 127 127 128 128 127 128 128 128 128 128 128 127 127 127 128 
23594 6698.580630500 127 127 128 127 128 127 128 128 127 128 128 127 127 128 127 127 128 128 128 127 128 127 127 128 128 
23595 6698.594518000 127 128 127 128 128 128 127 128 128 128 127 128 128 127 128 128 127 127 127 128 128 127 128 128 127 
23596 6698.608405500 127 128 128 128 128 128 128 127 128 128 127 128 128 127 127 128 128 127 128 128 127 127 128 127 128 
23597 6698.622293000 128 127 128 128 128 128 127 128 128 127 128 128 127 127 128 128 127 127 128 128 127 128 128 127 128 
23598 6698.636180500 128 127 128 127 127 128 127 127 128 127 127 128 128 127 127 128 128 127 128 128 127 128 128 127 128 
23599 6698.650068000 128 128 128 128 128 128 127 129 128 127 127 128 127 128 128 128 128 128 128 127 127 128 127 127 128 
23600 6698.663955500 128 127 128 127 128 127 128 128 127 127 128 128 127 128 128 127 129 128 127 128 128 128 127 128 127 
23601 6698.677843000 128 128 127 128 128 127 128 127 127 128 128 127 128 128 127 128 128 127 128 128 128 127 128 128 127 
23602 6698.691730500 128 128 127 128 127 127 128 128 127 128 128 127 127 128 128 128 127 128 127 128 128 127 128 128 127 
23603 6698.705618000 128 128 127 128 127 128 128 127 128 128 127 128 128 127 127 128 128 127 127 128 127 127 128 128 128 
23604 6698.719505500 127 128 127 128 128 128 128 128 127 128 128 127 128 128 127 128 127 127 128 128 127 128 128 128 127 
23605 6698.733393000 128 128 127 128 127 128 128 127 127 128 127 128 128 127 128 127 127 128 128 127 128 128 127 127 128 
23606 6698.747280500 128 128 128 127 128 128 127 127 128 127 127 128 128 127 128 128 127 128 128 128 127 128 128 128 127 
23607 6698.761168000 128 127 128 128 128 128 128 128 127 128 128 128 127 128 128 128 127 127 127 128 128 127 128 128 127 
23608 6698.775055500 128 127 128 128 127 128 127 128 128 127 128 128 127 128 128 127 127 128 128 128 127 128 128 127 128 
23609 6698.788943000 128 128 128 128 127 128 127 128 128 128 127 127 128 128 128 127 127 128 127 127 128 128 127 128 128 
23610 6698.802830500 127 128 128 127 128 127 128 127 127 128 128 127 128 128 127 127 128 128 128 127 127 128 128 127 128 
23611 6698.816718000 128 128 128 128 127 128 128 127 128 128 128 127 128 128 127 127 128 128 127 127 128 127 127 128 128 
23612 6698.830605500 127 128 128 128 128 127 128 128 127 128 128 127 128 128 128 127 128 128 127 128 128 128 127 128 128 
23613 6698.844493000 128 127 128 127 128 127 128 128 127 128 127 128 128 127 128 128 128 127 127 128 128 127 127 128 128 
23614 6698.858380500 127 128 128 127 127 128 128 127 127 128 127 128 128 127 128 128 128 127 127 128 127 127 128 128 127 
23615 6698.872268000 128 128 128 128 127 128 127 128 128 128 128 128 128 127 127 128 127 127 128 128 127 128 128 127 128 
23616 6698.886155500 128 127 128 128 128 127 127 128 128 127 128 128 127 127 127 128 128 127 127 128 127 128 128 127 127 
23617 6698.900043000 128 128 127 128 127 128 127 127 128 127 128 128 127 127 128 128 127 127 128 128 127 128 128 127 128 
23618 6698.913930500 127 128 128 127 128 127 128 127 127 128 128 127 128 128 127 128 127 127 127 128 127 128 128 128 128 
23619 6698.927818000 128 128 128 127 129 128 127 128 128 128 128 128 128 127 128 128 127 127 128 128 127 128 127 128 128 
23620 6698.941705500 128 128 128 128 128 128 128 127 128 128 127 128 128 127 128 127 127 127 128 127 127 128 128 127 128 
23621 6698.955593000 128 127 128 128 127 128 128 127 128 128 127 128 128 127 128 128 128 128 127 128 128 127 127 128 128 
23622 6698.969480500 128 127 128 127 128 127 127 128 127 128 127 127 128 128 127 127 128 128 127 128 128 127 128 127 127 
23623 6698.983368000 128 128 128 128 128 131 139 115 115 142 133 111 128 144 121 113 139 139 113 122 144 128 111 132 143 
23624 6698.997255500 117 116 141 134 111 128 144 121 113 138 139 113 122 144 127 111 133 142 117 117 141 134 112 127 145 
23625 6699.011143000 122 113 139 138 114 122 143 128 111 133 143 117 116 142 133 111 128 144 122 113 138 139 113 121 145 
23626 6699.025030500 128 111 134 142 117 117 142 133 112 128 144 122 113 138 138 113 122 144 128 111 133 142 117 116 142 
23627 6699.038918000 135 112 127 145 123 114 138 138 114 122 144 129 112 133 142 117 117 142 133 111 128 144 122 113 139 
23628 6699.052805500 139 114 122 144 128 112 132 142 118 117 141 134 111 127 145 122 112 138 139 114 121 143 129 112 132 
23629 6699.066693000 143 117 117 142 133 112 127 144 123 113 137 139 114 121 144 129 111 133 142 118 116 142 134 111 126 
23630 6699.080580500 145 123 113 138 138 114 121 144 128 112 132 142 118 117 141 134 112 127 143 123 113 137 140 114 121 
23631 6699.094468000 145 129 112 133 142 118 116 141 134 112 127 144 123 113 137 139 114 120 144 129 111 132 143 118 116 
23632 6699.108355500 141 135 112 126 144 122 112 138 140 114 120 144 128 111 133 142 117 116 142 133 112 127 144 123 113 
23633 6699.122243000 137 140 114 121 143 128 111 133 142 117 116 141 134 111 128 144 122 113 138 139 113 121 144 128 112 
23634 6699.136130500 132 142 118 117 142 134 112 127 144 122 113 137 139 114 121 144 129 112 132 142 118 117 141 134 112 
23635 6699.150018000 127 144 123 112 138 139 114 121 143 128 112 132 142 119 116 141 135 112 127 144 123 112 138 139 114 
23636 6699.163905500 120 144 129 112 132 143 118 116 141 134 111 127 144 123 113 138 139 114 121 144 129 111 132 143 117 
23637 6699.177793000 115 142 135 112 127 145 123 112 138 139 114 121 143 129 111 132 143 118 115 142 135 112 126 144 123 
23638 6699.191680500 113 137 138 115 121 144 129 111 133 143 118 115 142 135 111 127 145 123 112 138 139 113 121 143 128 
23639 6699.205568000 112 132 142 119 116 142 134 112 127 144 123 113 137 139 115 121 143 129 111 133 143 118 116 142 135 
23640 6699.219455500 111 126 145 123 113 137 139 114 121 144 129 111 132 143 118 115 142 135 111 127 144 123 112 137 139 
23641 6699.233343000 115 121 144 130 111 133 143 118 115 142 135 112 126 145 123 112 138 140 115 121 143 129 112 131 142 
23642 6699.247230500 119 116 141 135 111 126 143 124 113 137 139 114 121 143 130 111 132 142 118 116 141 134 112 127 144 
23643 6699.261118000 123 113 137 140 114 121 144 129 110 131 143 118 116 141 135 112 127 144 123 113 137 139 114 120 143 
23644 6699.275005500 130 111 132 143 118 115 141 135 112 125 145 124 112 136 140 114 120 144 130 111 131 143 119 116 140 
23645 6699.288893000 135 112 125 145 124 113 137 139 115 121 143 130 112 131 143 119 116 140 135 112 126 144 124 113 137 
23646 6699.302780500 140 114 121 143 130 110 132 143 118 116 141 135 112 125 145 124 112 137 140 114 120 144 130 111 132 
23647 6699.316668000 143 118 116 140 135 112 125 144 123 113 137 140 114 121 144 129 111 132 143 119 115 142 136 112 125 
23648 6699.330555500 145 124 112 137 139 115 120 143 130 111 131 144 119 115 140 136 112 125 144 125 113 136 140 115 120 
23649 6699.344443000 143 130 111 131 144 119 116 140 135 112 126 143 125 113 136 140 115 120 143 129 110 132 143 118 116 
23650 6699.358330500 141 136 112 126 144 124 112 136 140 115 120 143 130 111 131 144 119 115 141 136 112 126 144 124 113 
23651 6699.372218000 136 140 115 120 144 130 111 132 143 118 116 141 135 113 126 144 124 113 137 139 115 120 143 131 111 
23652 6699.386105500 130 143 119 115 140 136 112 125 144 125 112 137 140 114 119 143 130 111 131 143 118 115 141 135 112 
23653 6699.399993000 126 144 124 112 136 141 115 119 143 130 111 131 143 119 115 141 136 112 125 145 125 112 137 140 115 
23654 6699.413880500 119 144 130 112 130 143 119 115 141 136 112 126 144 124 112 136 140 115 119 144 130 110 131 143 119 
23655 6699.427768000 115 140 135 113 124 144 124 112 136 139 115 120 143 130 112 131 143 119 115 141 136 112 124 145 124 
23656 6699.441655500 112 136 140 114 120 143 130 112 131 143 119 116 140 135 113 125 144 124 112 136 140 115 119 143 131 
23657 6699.455543000 111 131 143 119 115 141 136 112 126 144 124 113 136 140 115 120 143 130 112 131 143 120 115 140 136 
23658 6699.469430500 113 124 144 124 113 135 141 116 119 143 130 112 131 143 119 115 140 136 112 124 145 125 112 136 141 
23659 6699.483318000 115 119 143 130 112 130 143 120 115 140 136 112 124 145 125 112 136 141 114 120 143 130 111 131 143 
23660 6699.497205500 119 114 141 136 111 125 144 124 113 136 140 115 119 143 130 112 131 143 119 116 140 135 113 125 143 
23661 6699.511093000 125 112 135 141 115 120 143 130 112 131 143 120 115 140 137 113 124 144 125 112 135 140 116 119 143 
23662 6699.524980500 131 111 129 144 119 116 140 136 113 124 144 126 112 136 140 115 119 143 131 111 129 144 120 114 140 
23663 6699.538868000 136 112 125 144 124 112 135 140 116 119 143 131 112 130 144 120 115 140 136 112 124 145 125 111 136 
23664 6699.552755500 141 115 118 143 130 112 130 143 120 115 140 136 113 124 144 125 112 136 140 116 119 143 132 111 130 
23665 6699.566643000 143 121 114 140 136 113 125 144 125 112 135 140 115 119 142 131 112 130 143 119 115 140 136 113 124 
23666 6699.580530500 144 125 112 135 140 115 118 143 131 111 131 143 120 115 140 136 113 125 143 125 112 135 140 116 119 
23667 6699.594418000 143 132 111 130 144 119 115 139 137 113 124 144 126 112 135 142 116 119 143 131 111 130 143 121 115 
23668 6699.608305500 140 137 113 123 144 125 112 136 141 115 118 143 132 111 130 143 120 115 140 137 113 124 144 126 112 
23669 6699.622193000 135 141 116 119 143 132 111 129 143 120 114 139 137 113 124 144 126 112 135 141 116 118 143 131 111 
23670 6699.636080500 130 143 120 114 139 136 112 124 145 125 112 135 140 115 119 143 131 112 130 143 120 115 140 136 113 
23671 6699.649968000 124 145 126 111 135 141 115 119 143 132 112 129 143 121 115 139 137 113 124 145 126 111 135 141 116 
23672 6699.663855500 118 143 131 111 129 143 121 114 140 137 112 124 144 126 111 135 141 115 118 143 132 111 130 144 120 
23673 6699.677743000 115 140 137 113 124 145 126 111 135 141 115 119 143 132 111 130 143 121 114 140 136 112 124 144 126 
23674 6699.691630500 111 135 140 116 118 143 131 111 129 143 121 114 139 138 113 123 145 127 112 134 141 116 118 142 132 
23675 6699.705518000 111 130 143 121 114 140 137 112 123 144 126 112 135 140 117 119 142 131 112 129 144 120 115 139 137 
23676 6699.719405500 112 124 144 126 112 134 141 116 118 142 132 112 129 143 121 114 140 136 112 124 144 126 112 135 142 
23677 6699.733293000 117 118 142 132 112 129 143 121 114 140 137 113 124 144 126 112 135 142 116 117 143 132 111 129 144 
23678 6699.747180500 120 114 139 136 113 123 144 127 111 135 141 116 119 142 132 112 129 143 120 115 139 137 113 124 144 
23679 6699.761068000 127 112 134 141 116 118 142 133 111 128 144 121 113 139 137 113 123 143 127 112 134 141 116 118 142 
23680 6699.774955500 133 111 129 144 120 114 139 138 113 123 143 127 112 134 141 117 119 143 133 111 128 144 121 114 139 
23681 6699.788843000 137 113 123 144 126 112 134 141 117 117 142 133 111 129 144 121 113 140 138 112 123 145 126 112 135 
23682 6699.802730500 142 116 118 143 132 112 128 143 122 114 139 138 113 122 143 127 111 134 142 116 117 143 133 111 128 
23683 6699.816618000 144 121 113 139 138 114 123 144 127 112 134 141 116 117 142 133 111 128 144 121 113 139 137 112 123 
23684 6699.830505500 144 127 111 134 142 116 118 142 132 112 129 143 122 113 139 138 113 122 145 127 111 134 142 117 117 
23685 6699.844393000 142 133 111 129 143 121 114 139 138 113 122 143 127 111 133 142 117 118 142 133 111 128 143 122 114 
23686 6699.858280500 138 138 112 123 144 128 111 133 141 117 118 142 132 112 128 143 122 114 138 137 113 122 144 127 112 
23687 6699.872168000 134 142 117 117 142 132 112 129 144 121 114 138 138 113 123 143 128 112 134 141 117 118 142 132 112 
23688 6699.886055500 128 144 121 114 138 138 113 123 144 127 112 134 142 116 118 142 133 112 128 144 121 114 139 138 114 
23689 6699.899943000 122 144 128 112 133 142 116 118 143 133 111 128 144 121 113 139 138 113 123 144 127 111 134 141 116 
23690 6699.913830500 118 142 133 112 128 145 121 113 138 138 113 122 144 127 111 133 143 117 117 142 134 111 127 144 122 
23691 6699.927718000 113 139 138 113 123 144 127 112 134 141 118 118 141 133 112 128 143 122 114 138 139 113 121 144 127 
23692 6699.941605500 111 134 141 117 118 142 133 111 129 144 121 114 139 137 114 122 144 127 111 133 142 117 118 142 133 
23693 6699.955493000 112 128 144 122 113 138 138 114 122 144 128 112 133 141 117 117 141 134 111 127 145 122 113 139 138 
23694 6699.969380500 114 122 143 128 111 134 142 116 118 142 133 112 128 144 122 113 138 138 114 122 144 128 112 133 141 
23695 6699.983268000 117 116 142 134 112 128 144 123 113 137 138 113 121 144 128 111 133 143 117 116 142 134 111 127 144 
23696 6699.997155500 122 114 138 138 113 121 144 128 111 133 142 118 117 141 134 112 127 145 122 113 138 139 114 121 143 
23697 6700.011043000 128 111 133 143 117 117 142 133 112 127 143 123 113 138 139 113 121 144 128 111 133 142 117 117 142 
23698 6700.024930500 133 112 127 143 123 113 139 138 113 122 144 127 112 134 142 117 117 142 133 112 128 144 122 114 138 
23699 6700.038818000 138 114 121 144 127 112 133 142 117 117 142 133 112 127 144 122 114 138 138 114 121 143 127 112 133 
23700 6700.052705500 142 118 117 141 134 111 128 144 122 112 138 139 113 122 144 128 112 133 142 118 117 142 133 111 127 
23701 6700.066593000 144 123 114 138 138 114 122 144 128 112 132 142 118 117 141 133 112 127 143 123 113 137 140 114 121 
23702 6700.080480500 143 129 111 133 142 117 116 142 133 111 128 144 122 113 138 138 114 122 144 128 112 133 142 117 117 
23703 6700.094368000 142 134 112 127 143 123 113 137 140 114 121 143 129 112 133 142 118 116 141 135 112 126 145 123 112 
23704 6700.108255500 138 139 113 122 143 129 111 132 143 118 116 141 134 112 127 145 123 113 137 140 114 120 144 129 111 
23705 6700.122143000 132 143 117 117 142 134 112 127 144 122 113 138 138 114 122 143 129 112 133 142 118 117 141 134 112 
23706 6700.136030500 126 145 123 112 138 140 114 120 145 129 111 133 142 117 116 142 134 112 126 145 123 112 137 139 114 
23707 6700.149918000 121 144 129 111 133 142 118 117 141 134 112 127 144 123 112 139 139 113 121 144 128 112 133 143 118 
23708 6700.163805500 116 142 134 112 127 145 123 112 137 138 114 120 144 129 111 132 142 118 116 141 135 112 126 144 123 
23709 6700.177693000 113 137 139 114 120 144 128 111 132 142 119 116 141 134 112 126 144 124 113 137 140 115 121 143 129 
23710 6700.191580500 111 132 143 118 116 142 134 112 127 144 123 113 137 139 115 121 143 129 112 132 142 118 116 141 135 
23711 6700.205468000 112 127 144 123 113 137 139 114 122 144 129 111 132 143 118 117 141 134 111 127 144 123 113 137 139 
23712 6700.219355500 115 120 144 129 111 132 142 119 115 141 135 112 126 144 124 112 138 140 115 121 143 129 111 132 143 
23713 6700.233243000 118 117 141 134 112 126 144 124 112 138 140 114 121 144 129 111 132 143 118 117 141 134 112 126 144 
23714 6700.247130500 123 113 137 139 115 120 143 130 111 131 143 119 116 141 135 112 126 144 124 112 137 140 114 121 144 
23715 6700.261018000 129 111 133 143 118 116 140 135 112 126 144 124 112 138 139 114 121 144 129 111 132 143 119 115 142 
23716 6700.274905500 135 113 126 144 124 112 138 140 115 120 143 130 111 131 143 119 116 140 135 111 126 144 123 113 137 
23717 6700.288793000 139 115 120 144 130 111 132 143 118 116 141 135 112 126 144 124 113 136 140 115 120 143 130 112 131 
23718 6700.302680500 142 119 115 141 135 112 126 144 124 113 136 140 114 120 143 130 111 131 143 118 115 141 135 111 126 
23719 6700.316568000 143 125 112 136 141 114 120 144 129 111 132 143 118 116 141 135 111 126 144 124 112 137 140 114 120 
23720 6700.330455500 144 130 111 132 143 120 116 140 135 112 125 145 124 112 136 140 114 119 143 130 111 131 143 119 115 
23721 6700.344343000 141 135 111 126 144 125 112 137 140 114 120 144 129 111 132 143 118 116 141 135 111 126 144 124 113 
23722 6700.358230500 136 140 115 119 143 129 112 131 143 118 115 141 134 113 125 143 125 112 136 139 115 120 143 129 112 
23723 6700.372118000 131 143 119 116 140 136 112 125 145 124 112 136 141 115 119 143 131 111 131 143 119 115 141 135 112 
23724 6700.386005500 125 144 124 113 136 140 115 120 143 129 112 131 142 120 115 140 136 112 125 145 124 112 137 140 114 
23725 6700.399893000 120 143 130 111 131 143 119 115 141 136 112 125 145 124 112 137 140 115 119 144 130 111 130 143 120 
23726 6700.413780500 115 140 136 112 126 143 124 112 136 141 115 119 143 130 111 130 143 119 114 141 136 112 125 144 124 
23727 6700.427668000 112 136 140 114 120 143 131 111 130 144 119 115 141 135 113 125 144 125 112 136 141 115 120 144 130 
23728 6700.441555500 111 131 143 120 115 140 136 112 125 144 124 112 137 140 114 120 143 130 112 131 143 119 116 140 136 
23729 6700.455443000 113 125 144 124 113 136 141 116 120 143 130 112 131 143 120 115 140 136 112 125 144 125 112 136 140 
23730 6700.469330500 115 119 143 130 112 130 144 120 115 140 136 113 125 144 125 113 135 140 114 120 143 131 111 131 144 
23731 6700.483218000 120 115 141 136 113 125 143 125 112 136 141 116 119 143 130 112 131 143 119 116 140 136 112 125 144 
23732 6700.497105500 124 113 136 140 116 118 144 131 110 130 144 120 115 139 136 112 124 145 125 112 136 140 115 119 144 
23733 6700.510993000 131 111 130 143 119 115 140 136 112 124 145 125 111 136 141 115 118 144 130 111 131 143 119 115 141 
23734 6700.524880500 136 112 125 144 125 112 136 140 115 120 143 132 112 130 143 119 115 140 136 113 125 144 126 112 135 
23735 6700.538768000 141 115 119 143 130 112 130 143 119 115 141 136 112 125 144 125 112 136 140 116 120 143 132 111 129 
23736 6700.552655500 144 120 114 141 136 113 124 144 126 112 135 140 115 119 142 132 111 129 144 120 114 140 137 112 124 
23737 6700.566543000 145 125 113 135 140 116 119 143 132 110 130 144 120 114 140 136 112 123 145 125 113 135 140 116 118 
23738 6700.580430500 143 132 111 131 144 121 115 140 136 113 124 144 125 112 135 141 115 119 143 131 111 131 143 119 115 
23739 6700.594318000 140 136 112 124 144 125 112 136 140 116 119 143 131 111 130 143 120 114 140 137 112 123 145 126 111 
23740 6700.608205500 136 141 115 119 142 131 111 130 143 119 115 139 137 113 124 144 126 113 135 140 116 119 143 131 111 
23741 6700.622093000 130 144 121 114 140 136 112 124 144 125 112 135 141 116 120 143 131 112 130 143 121 115 139 136 113 
23742 6700.635980500 124 145 125 111 135 141 115 119 143 131 111 130 143 120 115 140 136 112 124 144 126 111 135 141 116 
23743 6700.649868000 118 143 131 111 130 143 120 115 140 138 113 123 144 126 112 135 141 115 119 143 132 111 130 144 120 
23744 6700.663755500 114 140 137 112 124 144 126 111 135 141 115 118 143 132 111 128 143 121 115 140 136 112 124 144 126 
23745 6700.677643000 112 135 140 116 118 142 132 111 129 144 121 114 139 136 113 123 145 127 112 135 142 116 118 143 132 
23746 6700.691530500 111 129 145 120 114 139 138 113 123 145 127 111 134 142 116 117 142 132 111 129 143 121 114 140 137 
23747 6700.705418000 113 123 144 126 112 134 142 116 118 142 132 112 129 144 121 114 140 138 113 123 143 127 111 135 141 
23748 6700.719305500 116 117 143 132 112 128 144 121 114 139 137 113 123 145 126 111 135 141 116 118 143 132 110 130 144 
23749 6700.733193000 120 115 139 136 113 123 144 126 111 135 141 117 118 143 131 111 129 144 121 114 140 137 112 124 144 
23750 6700.747080500 126 112 134 142 116 118 143 132 111 129 144 120 114 140 137 113 122 145 127 112 134 142 116 118 143 
23751 6700.760968000 132 111 128 144 121 115 139 137 114 123 143 127 112 134 141 117 118 142 132 112 129 143 120 113 139 
23752 6700.774855500 137 113 123 144 127 112 134 142 116 117 143 132 110 129 144 120 114 140 137 112 124 145 127 111 135 
23753 6700.788743000 141 116 118 142 133 111 129 144 121 113 140 138 112 124 144 127 112 134 141 116 118 143 132 112 129 
23754 6700.802630500 144 121 114 139 138 114 123 144 126 111 134 141 116 118 142 132 112 129 144 121 114 139 138 113 123 
23755 6700.816518000 144 128 111 134 142 116 118 142 132 112 129 144 122 114 139 137 114 123 144 127 112 133 142 117 117 
23756 6700.830405500 143 133 111 129 144 121 115 139 137 112 123 144 126 112 120 123 124 125 126 125 125 127 126 126 127 
23757 6700.844293000 127 127 127 127 127 128 128 126 128 127 127 128 128 127 127 128 128 127 128 128 127 127 128 128 128 
23758 6700.858180500 128 128 127 128 128 127 128 128 127 128 128 127 127 128 127 128 128 128 127 128 128 127 127 128 128 
23759 6700.872068000 128 128 128 128 128 128 127 128 128 127 127 128 128 127 128 128 128 128 128 127 129 128 128 127 128 
23760 6700.885955500 128 127 128 128 127 127 127 128 128 127 127 128 128 127 127 128 128 127 127 128 127 127 128 128 127 
23761 6700.899843000 128 128 127 128 127 128 128 127 128 128 127 128 128 128 127 128 128 127 127 128 127 128 128 127 128 
23762 6700.913730500 127 127 128 128 127 128 127 127 128 128 127 128 127 127 128 127 128 128 128 127 127 128 127 128 128 
23763 6700.927618000 128 128 127 128 127 128 127 128 128 127 128 128 127 127 128 128 128 128 127 128 128 128 128 128 127 
23764 6700.941505500 128 128 127 128 127 128 127 128 128 128 127 128 127 128 128 128 128 127 128 128 128 127 128 128 127 
23765 6700.955393000 128 128 127 128 127 128 128 127 128 128 127 128 128 128 128 128 127 127 128 128 128 128 127 128 128 
23766 6700.969280500 128 128 128 128 128 127 127 128 128 127 128 128 127 128 128 127 127 128 128 127 128 128 127 129 128 
23767 6700.983168000 127 128 127 128 127 128 128 127 128 128 127 128 128 127 128 128 127 128 128 128 127 128 128 127 128 
23768 6700.997055500 128 127 128 127 128 128 127 128 128 128 127 128 128 127 127 128 127 128 127 127 128 128 128 128 128 
23769 6701.010943000 127 127 128 128 127 128 128 128 128 127 128 128 127 128 127 128 127 128 128 127 128 128 127 127 128 
23770 6701.024830500 128 127 128 128 128 129 128 128 127 128 128 128 127 128 128 127 128 128 128 127 128 127 128 128 127 
23771 6701.038718000 127 128 128 127 127 128 128 127 128 128 127 127 127 127 128 128 128 128 127 128 128 127 128 128 128 
23772 6701.052605500 128 128 128 128 127 128 127 128 128 128 127 127 128 128 127 128 128 128 127 128 128 127 128 128 127 
23773 6701.066493000 128 128 127 128 127 128 127 128 128 127 128 128 128 127 128 128 127 128 128 127 128 128 128 127 128 
23774 6701.080380500 128 127 127 128 129 128 127 128 128 127 128 128 128 129 128 127 127 128 128 127 128 128 128 127 127 
23775 6701.094268000 128 128 127 128 128 127 127 128 128 127 128 128 128 127 128 128 127 127 128 128 127 127 128 128 128 
23776 6701.108155500 128 128 128 128 127 128 127 127 129 128 127 128 128 127 128 127 128 128 127 128 128 127 127 128 127 
23777 6701.122043000 127 127 128 128 128 128 127 128 127 128 128 128 127 128 128 128 127 127 128 128 127 128 128 127 128 
23778 6701.135930500 128 128 128 128 128 128 128 127 128 128 128 127 128 128 127 128 128 127 127 128 128 127 128 128 127 
23779 6701.149818000 128 128 127 128 127 128 127 127 128 128 128 127 128 128 127 127 128 128 127 127 128 127 127 127 128 
23780 6701.163705500 127 128 128 127 128 127 127 128 128 127 128 128 127 128 128 128 128 128 128 128 128 128 128 127 128 
23781 6701.177593000 128 128 128 128 127 128 127 127 128 127 127 127 128 127 127 128 128 127 127 128 127 127 128 128 127 
23782 6701.191480500 128 128 127 128 128 128 128 127 127 128 128 127 128 128 128 128 128 127 129 128 128 127 128 128 127 
23783 6701.205368000 128 128 128 128 128 128 127 127 128 127 128 128 127 127 127 128 128 128 128 127 128 128 128 127 128 
23784 6701.219255500 127 128 128 128 128 128 128 127 128 128 128 128 127 128 128 128 127 128 128 127 127 128 128 127 128 
23785 6701.233143000 128 128 127 128 128 128 128 127 128 128 127 127 128 128 127 128 128 127 128 127 127 128 128 128 128 
23786 6701.247030500 127 128 128 128 128 128 128 128 127 128 128 128 128 128 128 127 127 128 128 128 127 128 128 127 127 
23787 6701.260918000 128 128 127 128 128 128 128 127 128 128 127 128 128 127 128 128 127 127 128 128 127 127 128 128 127 
23788 6701.274805500 128 127 128 127 128 128 128 127 127 128 128 127 128 128 128 128 127 128 128 128 128 127 128 128 128 
23789 6701.288693000 128 128 128 127 128 127 128 127 127 128 127 128 128 127 127 128 128 127 128 128 127 127 128 128 127 
23790 6701.302580500 128 128 128 127 128 128 127 128 128 127 128 128 127 128 128 128 127 127 128 128 128 127 128 127 127 
23791 6701.316468000 128 128 127 128 127 128 127 128 128 127 128 128 127 127 128 128 127 127 128 128 127 128 128 128 127 
23792 6701.330355500 128 127 128 128 127 128 127 127 128 127 127 128 128 127 128 128 127 128 128 128 127 127 128 128 127 
23793 6701.344243000 128 128 128 128 128 128 128 127 127 128 128 128 127 128 127 127 128 128 127 127 128 128 127 127 128 
23794 6701.358130500 128 127 128 128 127 128 128 127 128 128 127 127 128 128 128 128 127 127 128 128 127 128 128 127 128 
23795 6701.372018000 127 128 128 127 128 128 128 128 127 128 128 128 128 128 128 127 128 128 127 127 128 127 127 128 128 
23796 6701.385905500 127 127 128 127 128 127 128 128 127 128 128 127 127 128 127 128 128 127 128 127 128 127 128 128 127 
23797 6701.399793000 128 128 128 128 128 128 127 128 128 127 127 128 128 127 128 128 127 127 128 127 127 127 128 128 127 
23798 6701.413680500 127 128 127 128 128 128 128 127 127 128 127 127 127 128 128 127 127 128 128 128 127 128 128 127 128 
23799 6701.427568000 128 127 128 127 128 128 128 128 128 128 128 128 127 128 128 127 128 128 128 127 128 127 128 128 127 
23800 6701.441455500 127 127 128 128 128 127 127 128 127 128 128 127 128 128 128 127 127 127 127 128 128 127 128 128 127 
23801 6701.455343000 128 128 127 128 128 128 128 127 128 128 128 127 128 128 127 128 128 128 127 127 128 127 128 128 127 
23802 6701.469230500 127 128 128 128 127 128 128 128 127 127 128 127 127 128 127 127 128 128 128 127 127 128 127 127 128 
23803 6701.483118000 127 128 128 127 128 127 128 128 127 127 128 128 127 129 128 127 128 128 127 127 128 127 128 128 127 
23804 6701.497005500 128 128 127 128 128 128 127 127 128 127 128 127 127 128 128 127 127 128 128 127 127 128 128 127 128 
23805 6701.510893000 127 128 127 128 128 127 128 128 128 128 127 128 128 127 127 128 128 127 128 128 128 127 128 128 127 
23806 6701.524780500 127 128 127 128 128 128 127 127 128 128 127 127 128 127 128 128 128 128 127 128 128 127 128 128 127 
23807 6701.538668000 128 128 127 128 127 128 128 128 127 128 128 127 128 127 128 128 127 127 128 128 127 127 128 128 127 
23808 6701.552555500 128 128 128 128 128 128 128 127 129 128 127 128 128 127 127 128 128 128 127 128 128 127 128 128 127 
23809 6701.566443000 128 128 127 128 127 128 127 128 128 127 128 128 127 128 127 128 127 127 127 128 127 129 128 127 128 
23810 6701.580330500 128 127 128 127 127 128 127 128 128 127 128 128 128 127 128 128 127 127 127 128 128 127 128 128 127 
23811 6701.594218000 127 128 127 128 128 128 128 128 128 128 127 127 128 128 127 127 128 128 128 128 127 127 128 127 127 
23812 6701.608105500 128 128 128 128 127 128 127 129 128 128 127 128 128 127 128 128 127 127 127 128 127 127 128 128 127 
23813 6701.621993000 127 128 128 128 128 127 128 128 127 127 128 128 127 127 128 128 127 127 129 128 127 128 128 127 128 
23814 6701.635880500 128 128 127 128 127 128 128 128 127 128 128 127 128 127 127 128 128 127 128 128 127 127 128 127 127 
23815 6701.649768000 128 128 127 128 128 128 128 127 128 128 127 128 128 127 128 128 128 127 127 128 128 128 127 128 128 
23816 6701.663655500 128 127 128 128 127 128 127 127 128 128 127 127 128 127 127 128 128 128 127 127 128 128 127 128 128 
23817 6701.677543000 127 128 128 127 127 128 128 127 128 128 127 127 128 128 127 128 128 128 127 128 128 127 128 128 127 
23818 6701.691430500 128 128 127 127 128 127 128 128 127 128 128 127 127 128 127 128 128 128 128 127 128 127 128 128 127 
23819 6701.705318000 128 128 128 128 128 127 128 127 127 128 128 127 128 128 128 127 129 128 127 127 128 128 127 127 128 
23820 6701.719205500 128 129 128 127 128 128 127 128 128 127 128 128 127 129 128 127 127 128 128 127 127 128 127 127 128 
23821 6701.733093000 128 128 128 127 128 127 128 128 127 127 128 127 128 128 127 128 128 127 128 128 127 128 128 127 128 
23822 6701.746980500 128 128 128 128 128 128 127 127 128 128 128 127 128 128 127 128 128 127 128 127 127 128 128 128 127 
23823 6701.760868000 128 128 127 128 127 128 127 128 128 127 127 128 127 127 127 128 127 128 127 128 128 127 128 128 127 
23824 6701.774755500 128 128 128 128 128 128 127 128 127 128 128 128 127 128 128 127 128 128 127 128 128 127 128 128 127 
23825 6701.788643000 128 128 127 128 128 128 128 127 128 128 127 128 128 127 127 128 128 127 128 128 127 127 128 128 127 
23826 6701.802530500 128 128 127 128 127 128 127 127 128 128 127 128 128 127 128 128 128 127 128 128 128 127 128 128 127 
23827 6701.816418000 127 128 127 127 128 127 128 127 127 128 127 128 128 128 127 127 128 128 127 127 128 128 128 128 127 
23828 6701.830305500 127 128 128 128 127 128 128 127 128 128 128 127 127 128 127 128 128 128 127 128 128 127 128 128 127 
23829 6701.844193000 127 128 127 128 128 127 128 128 127 127 128 128 127 128 127 127 128 128 127 127 128 128 127 128 128 
23830 6701.858080500 128 128 128 128 127 128 128 128 127 128 128 127 128 128 128 127 128 128 128 127 128 128 127 127 128 
23831 6701.871968000 127 128 128 128 127 127 128 128 127 128 128 128 127 128 128 127 128 128 128 128 127 128 127 127 128 
23832 6701.885855500 128 128 128 128 127 128 128 128 128 128 127 128 128 128 127 128 127 127 127 128 128 127 128 127 127 
23833 6701.899743000 129 128 127 128 127 128 127 128 128 127 128 128 128 127 128 128 127 127 127 128 127 127 127 127 128 
23834 6701.913630500 128 127 128 128 128 127 128 128 127 127 128 128 127 128 128 127 127 127 128 127 127 128 128 127 128 
23835 6701.927518000 128 127 128 127 128 127 128 127 127 128 128 128 127 128 128 127 128 128 128 127 128 128 127 128 128 
23836 6701.941405500 127 128 128 128 128 128 128 128 127 129 128 127 127 128 127 127 128 128 127 128 128 127 127 128 128 
23837 6701.955293000 127 128 128 127 127 127 127 127 129 128 127 128 127 127 128 128 127 128 128 127 128 128 128 127 128 
23838 6701.969180500 127 128 128 127 127 128 127 127 128 127 128 128 127 127 128 128 127 128 128 127 127 128 128 127 128 
23839 6701.983068000 127 127 127 128 127 127 128 128 128 127 128 128 127 128 128 128 129 128 128 127 129 128 127 129 128 
23840 6701.996955500 127 128 128 127 128 127 128 128 127 129 128 127 128 128 127 128 128 128 127 128 128 127 128 128 127 
23841 6702.010843000 128 128 128 127 127 128 127 127 128 128 127 128 128 128 127 127 128 128 128 128 128 127 127 128 128 
23842 6702.024730500 127 128 127 128 128 128 128 128 127 128 128 128 127 127 128 128 127 128 128 128 128 127 128 128 128 
23843 6702.038618000 128 128 127 128 127 128 127 128 128 127 127 128 128 127 129 127 127 127 128 128 127 128 128 128 127 
23844 6702.052505500 128 128 127 128 127 128 128 127 128 127 128 127 128 128 127 128 127 128 128 127 129 127 127 128 128 
23845 6702.066393000 127 128 128 127 128 128 127 128 128 127 128 128 127 128 128 127 127 128 128 127 127 128 128 127 128 
23846 6702.080280500 128 127 128 128 127 128 127 128 128 127 128 128 127 128 127 128 128 127 128 128 127 128 128 128 128 
23847 6702.094168000 127 128 128 127 128 128 127 128 128 127 129 128 127 127 128 128 127 128 127 128 128 128 127 128 128 
23848 6702.108055500 127 128 128 127 128 128 127 128 128 127 127 128 127 127 128 128 128 128 128 127 128 128 127 127 128 
23849 6702.121943000 128 128 127 128 128 128 128 128 127 128 127 127 128 128 127 128 127 128 128 127 128 128 127 127 128 
23850 6702.135830500 128 127 128 127 129 128 128 128 128 127 128 128 127 128 128 127 128 128 127 127 128 128 127 128 128 
23851 6702.149718000 127 127 128 127 128 127 127 128 128 127 128 128 127 129 128 127 128 128 127 128 127 127 128 128 127 
23852 6702.163605500 128 127 128 128 127 128 128 127 127 128 128 127 127 128 127 128 128 127 128 128 127 128 129 128 127 
23853 6702.177493000 127 128 127 128 128 128 128 128 128 128 128 127 128 128 127 128 128 127 128 128 127 128 128 128 127 
23854 6702.191380500 128 127 129 128 127 127 127 128 128 127 127 128 128 128 127 128 127 127 128 128 127 128 128 127 128 
23855 6702.205268000 128 127 128 128 127 127 128 128 127 128 128 127 128 128 127 128 128 128 127 128 128 127 129 128 127 
23856 6702.219155500 128 128 127 128 128 128 128 127 128 128 127 127 128 128 127 128 127 127 127 128 128 127 128 128 127 
23857 6702.233043000 128 128 128 128 128 127 128 128 127 127 128 127 127 128 128 128 127 128 128 128 127 128 128 127 129 
23858 6702.246930500 128 127 128 128 128 127 128 128 127 129 127 127 128 128 128 127 128 128 127 128 128 128 127 128 128 
23859 6702.260818000 128 127 128 128 128 128 127 128 128 127 127 127 128 128 127 128 128 128 127 128 127 128 128 127 128 
23860 6702.274705500 128 127 128 127 128 127 128 128 128 127 128 128 127 127 128 128 127 128 128 127 128 128 127 127 128 
23861 6702.288593000 128 127 128 128 128 128 127 127 128 128 128 127 127 128 128 127 128 128 128 127 128 128 127 128 128 
23862 6702.302480500 128 127 128 127 128 127 127 128 128 127 127 128 128 127 128 128 127 128 128 127 128 128 127 127 128 
23863 6702.316368000 128 128 128 128 127 127 127 128 127 128 128 128 127 128 127 127 128 128 128 127 128 128 128 128 127 
23864 6702.330255500 128 128 128 128 127 128 128 128 127 128 128 127 128 128 128 127 128 128 128 127 128 128 128 127 127 
23865 6702.344143000 128 128 127 128 127 128 127 128 128 128 128 128 127 128 127 127 128 128 128 127 127 128 128 129 128 
23866 6702.358030500 128 128 127 128 128 128 128 128 128 127 128 128 127 128 127 128 128 127 128 128 128 127 128 127 127 
23867 6702.371918000 128 128 127 128 128 127 128 128 128 127 128 128 127 127 128 128 127 128 128 127 128 128 128 128 128 
23868 6702.385805500 127 128 128 128 127 128 128 127 127 128 128 128 128 127 128 128 127 127 128 128 127 127 128 128 127 
23869 6702.399693000 128 128 127 128 127 128 128 127 128 128 127 127 128 128 128 127 128 128 127 128 128 127 127 128 128 
23870 6702.413580500 128 128 127 129 128 127 127 128 128 128 128 128 127 128 128 127 128 127 127 128 128 127 128 128 127 
23871 6702.427468000 128 128 127 129 128 128 128 128 129 128 128 127 128 128 127 128 128 128 127 129 128 127 127 128 128 
23872 6702.441355500 127 128 128 128 128 128 128 127 128 128 128 127 128 128 127 128 128 127 128 128 127 127 128 127 127 
23873 6702.455243000 127 128 128 128 128 128 128 127 127 128 128 127 128 127 128 128 128 127 127 128 128 127 128 128 127 
23874 6702.469130500 129 128 127 128 128 129 128 127 128 128 127 128 128 127 128 127 128 128 128 127 127 128 128 128 127 
23875 6702.483018000 127 128 127 128 128 128 128 127 128 127 127 129 128 127 128 128 128 127 128 128 128 127 127 128 127 
23876 6702.496905500 128 128 128 128 127 128 128 128 127 128 128 127 128 128 128 127 128 128 127 128 128 127 127 128 127 
23877 6702.510793000 128 128 128 127 128 127 127 128 128 127 128 128 127 127 127 128 128 127 127 128 128 127 127 128 128 
23878 6702.524680500 127 128 128 128 128 128 128 127 129 128 127 127 128 127 127 127 128 127 127 128 128 127 128 127 128 
23879 6702.538568000 128 127 128 128 127 128 127 127 128 128 128 128 128 128 127 128 127 127 128 128 127 128 128 128 128 
23880 6702.552455500 128 127 128 127 128 127 128 128 128 128 128 128 127 127 128 127 127 127 128 127 128 128 128 127 128 
23881 6702.566343000 128 127 128 127 128 128 128 128 128 127 127 128 127 127 128 128 127 128 128 128 127 128 128 127 128 
23882 6702.580230500 128 128 127 128 127 128 127 128 128 128 127 129 128 127 127 128 129 128 127 128 128 127 127 128 128 
23883 6702.594118000 127 127 128 127 128 127 128 128 127 128 128 127 128 128 128 127 128 128 128 127 128 128 128 127 128 
23884 6702.608005500 128 128 128 128 127 128 127 127 127 128 128 127 127 128 127 127 128 128 128 127 128 127 128 128 127 
23885 6702.621893000 128 128 127 128 127 128 128 127 127 128 127 127 127 128 127 127 128 127 128 128 128 127 127 128 128 
23886 6702.635780500 127 128 128 127 128 128 127 128 128 127 128 128 128 127 128 128 127 127 128 127 128 128 127 128 128 
23887 6702.649668000 128 128 127 128 127 128 127 127 128 128 128 127 128 128 127 127 128 128 128 127 128 128 127 128 128 
23888 6702.663555500 127 128 128 127 128 127 127 128 127 127 129 127 128 128 128 127 128 127 128 128 127 127 128 127 127 
23889 6702.677443000 127 128 127 128 128 127 128 128 128 127 128 128 127 128 128 128 128 128 127 128 128 128 127 127 127 
23890 6702.691330500 128 128 127 128 127 128 127 128 127 127 128 128 127 128 128 127 128 128 128 127 127 128 127 127 128 
23891 6702.705218000 128 127 128 128 128 127 127 128 127 127 127 128 128 127 128 128 127 128 128 127 128 128 128 128 127 
23892 6702.719105500 127 128 127 128 128 127 128 128 127 128 128 127 128 128 127 128 127 127 128 128 127 128 128 127 127 
23893 6702.732993000 128 128 128 127 128 128 127 127 128 128 127 128 128 127 128 128 127 128 128 128 127 127 128 128 127 
23894 6702.746880500 128 128 127 128 127 128 128 128 127 128 128 128 127 128 127 128 128 128 127 128 128 127 127 128 128 
23895 6702.760768000 128 128 127 128 127 127 127 128 128 127 128 127 128 128 127 129 127 127 127 128 128 127 127 128 128 
23896 6702.774655500 128 128 128 127 128 127 128 128 127 127 128 128 128 127 128 127 128 127 127 127 128 127 127 128 127 
23897 6702.788543000 127 128 127 127 128 127 128 127 127 128 128 128 128 128 127 128 128 127 127 128 127 127 128 128 128 
23898 6702.802430500 128 127 128 128 128 127 128 127 127 128 127 128 128 127 128 128 127 127 128 127 128 128 128 128 128 
23899 6702.816318000 127 128 127 128 128 128 128 127 127 128 128 127 127 128 127 127 128 128 128 127 127 128 128 128 128 
23900 6702.830205500 128 128 129 128 128 128 127 128 128 127 129 128 127 128 128 127 128 128 127 129 128 127 128 128 127 
23901 6702.844093000 128 128 127 128 127 128 127 128 128 128 127 128 127 128 128 127 129 128 128 127 128 128 128 129 128 
23902 6702.857980500 127 128 127 127 128 127 128 128 127 128 128 127 128 128 127 128 128 127 127 128 128 128 127 127 128 
23903 6702.871868000 127 128 127 127 128 128 127 129 128 128 128 128 141 126 111 134 142 116 118 143 133 111 129 144 121 
23904 6702.885755500 114 139 139 114 123 144 128 112 134 142 118 118 142 133 112 128 144 121 114 139 138 112 123 144 126 
23905 6702.899643000 112 134 141 117 117 143 132 112 129 144 121 114 139 138 114 122 144 128 112 133 142 117 117 142 134 
23906 6702.913530500 111 129 144 121 114 138 138 114 123 144 128 112 133 143 117 117 142 134 111 127 144 122 113 139 138 
23907 6702.927418000 113 123 144 128 111 134 141 118 117 142 132 112 128 144 122 114 138 138 114 123 144 127 111 134 142 
23908 6702.941305500 116 118 142 134 111 128 144 121 114 139 139 113 122 144 128 111 133 141 117 117 141 133 112 128 143 
23909 6702.955193000 123 114 138 139 113 121 144 127 112 134 141 118 118 141 134 111 127 144 122 113 138 138 113 122 144 
23910 6702.969080500 128 112 133 142 118 116 142 134 111 127 144 122 113 139 139 113 122 143 128 111 133 142 118 118 142 
23911 6702.982968000 133 111 127 144 122 114 138 139 114 121 143 128 111 134 142 117 117 142 134 111 128 144 121 113 138 
23912 6702.996855500 138 114 122 144 127 111 134 142 117 117 142 133 112 128 143 123 114 138 138 114 122 144 129 112 133 
23913 6703.010743000 143 117 117 143 133 112 128 144 122 113 139 139 114 121 144 127 111 133 142 117 117 142 134 111 128 
23914 6703.024630500 144 123 113 139 138 114 122 143 129 112 133 143 117 116 142 133 111 128 144 122 114 138 138 114 122 
23915 6703.038518000 143 128 111 134 142 117 117 141 134 111 127 144 122 114 138 138 114 122 144 128 112 133 142 117 117 
23916 6703.052405500 142 134 112 127 144 122 113 138 138 114 122 144 127 111 133 142 117 116 142 134 111 127 144 123 113 
23917 6703.066293000 137 140 113 122 144 129 112 133 142 118 116 141 135 112 127 144 122 113 138 138 114 121 143 128 112 
23918 6703.080180500 133 142 117 117 141 134 112 127 144 123 112 138 139 113 122 144 128 111 133 142 117 116 142 134 112 
23919 6703.094068000 127 145 123 112 138 139 113 122 144 128 112 133 142 118 117 142 134 112 127 144 122 113 138 139 113 
23920 6703.107955500 121 144 128 112 133 142 118 117 141 135 112 127 144 123 113 137 139 115 121 143 129 112 133 142 119 
23921 6703.121843000 116 142 134 112 126 144 123 112 138 140 113 121 144 128 111 133 142 117 117 141 134 111 127 144 123 
23922 6703.135730500 113 138 139 115 121 144 129 111 133 143 118 116 142 134 112 127 143 122 114 138 139 114 121 143 129 
23923 6703.149618000 111 132 143 118 117 141 134 112 127 144 123 113 137 140 113 120 144 129 111 132 143 118 116 141 135 
23924 6703.163505500 112 126 144 123 113 137 138 113 121 143 129 112 132 142 118 117 142 134 111 127 144 122 113 138 139 
23925 6703.177393000 114 121 143 129 111 132 142 119 116 141 134 112 126 143 124 113 137 139 114 121 143 129 112 132 142 
23926 6703.191280500 119 116 141 135 111 127 144 122 114 137 139 114 121 144 129 110 132 143 118 116 141 135 112 126 145 
23927 6703.205168000 123 112 138 140 114 121 144 128 112 132 142 119 116 141 135 111 127 144 123 112 137 140 114 121 143 
23928 6703.219055500 129 111 131 143 118 116 141 135 111 126 144 124 112 137 140 114 120 143 129 111 132 143 118 115 142 
23929 6703.232943000 135 112 126 144 123 113 137 140 114 121 144 129 111 132 143 118 117 142 135 111 126 144 124 112 137 
23930 6703.246830500 139 115 121 143 130 111 132 143 118 115 142 134 111 127 144 123 113 137 139 113 120 144 129 111 131 
23931 6703.260718000 143 118 116 140 135 112 125 145 124 112 137 139 114 121 144 129 112 131 143 119 115 140 136 112 126 
23932 6703.274605500 144 124 112 137 140 115 121 143 130 110 132 143 118 115 141 135 112 126 144 124 112 137 139 115 120 
23933 6703.288493000 143 130 111 132 143 119 115 141 135 112 125 144 124 113 136 140 114 121 143 129 112 132 143 118 116 
23934 6703.302380500 141 135 113 126 144 124 112 136 140 115 120 144 130 111 132 142 119 115 140 135 112 126 145 124 112 
23935 6703.316268000 137 140 115 120 144 129 111 132 142 119 116 141 135 111 126 145 124 112 137 140 114 121 143 129 112 
23936 6703.330155500 131 143 119 115 141 135 112 125 145 124 112 136 140 115 120 144 129 112 132 142 118 116 141 135 112 
23937 6703.344043000 125 145 124 112 137 140 115 120 143 130 111 131 143 119 114 141 135 111 126 144 123 112 136 139 114 
23938 6703.357930500 120 143 129 112 131 143 119 115 142 136 112 125 145 125 112 136 140 115 120 143 130 111 130 143 119 
23939 6703.371818000 115 141 135 113 125 144 124 112 136 140 115 119 144 130 111 131 143 119 115 141 135 112 126 144 123 
23940 6703.385705500 113 136 139 115 119 143 130 111 132 143 118 116 140 135 112 125 144 124 113 136 139 115 120 143 130 
23941 6703.399593000 111 132 143 119 116 140 135 113 125 144 125 113 136 141 115 120 144 131 111 131 143 119 115 141 135 
23942 6703.413480500 111 126 144 124 112 137 140 115 120 143 130 110 132 143 119 114 141 136 112 125 144 124 112 136 140 
23943 6703.427368000 115 120 143 131 111 130 144 119 114 141 136 112 125 145 125 112 137 141 115 119 144 130 111 131 143 
23944 6703.441255500 119 116 140 137 111 125 144 124 113 136 140 115 120 143 130 111 130 144 119 115 141 135 111 125 144 
23945 6703.455143000 125 112 136 140 115 119 143 130 111 131 143 119 115 141 135 112 125 144 125 113 136 140 114 120 143 
23946 6703.469030500 130 111 131 144 120 115 141 136 112 125 145 125 112 136 141 115 119 143 130 112 131 143 120 114 141 
23947 6703.482918000 136 112 125 144 124 112 135 141 115 120 143 130 111 131 143 119 115 139 136 112 124 145 125 112 135 
23948 6703.496805500 141 115 119 143 130 111 131 144 120 114 141 136 112 124 144 124 112 136 141 115 119 143 130 111 131 
23949 6703.510693000 144 119 115 140 136 112 124 145 125 112 136 140 116 119 142 131 111 130 143 120 114 141 136 112 124 
23950 6703.524580500 145 125 113 136 140 115 119 143 131 111 130 144 120 115 141 136 112 124 145 125 112 135 141 115 120 
23951 6703.538468000 143 131 112 130 143 120 115 140 137 112 124 145 125 112 136 140 116 119 143 131 112 130 143 120 115 
23952 6703.552355500 140 137 112 125 144 126 113 135 140 116 119 142 132 111 130 144 120 115 140 136 113 124 144 126 112 
23953 6703.566243000 135 141 115 120 143 130 112 130 143 120 115 140 136 113 124 145 126 112 135 141 115 119 143 132 111 
23954 6703.580130500 130 144 120 114 141 136 112 125 144 125 112 136 141 115 120 143 131 111 131 144 120 114 140 137 113 
23955 6703.594018000 124 144 126 112 136 141 116 119 143 131 111 130 144 120 114 140 136 112 124 145 126 111 136 140 115 
23956 6703.607905500 119 143 132 111 130 144 120 114 140 136 113 124 144 125 112 135 140 116 119 143 132 111 129 144 120 
23957 6703.621793000 114 140 136 113 124 145 126 112 135 142 115 118 143 131 110 130 144 120 113 139 137 112 123 144 126 
23958 6703.635680500 112 135 141 115 119 143 131 112 130 143 120 114 140 137 113 123 144 126 112 135 141 116 119 143 131 
23959 6703.649568000 112 130 143 120 114 140 136 112 125 144 126 111 136 141 115 119 143 131 112 130 143 121 115 139 136 
23960 6703.663455500 113 123 144 125 112 135 141 115 118 143 132 111 130 144 120 113 140 138 113 123 145 126 111 135 142 
23961 6703.677343000 116 118 143 132 111 130 144 120 115 140 136 113 124 144 127 112 135 141 116 118 142 132 112 129 144 
23962 6703.691230500 120 114 139 137 113 123 144 127 111 134 141 116 118 143 132 112 129 143 121 114 139 137 113 123 144 
23963 6703.705118000 126 112 135 141 116 118 143 132 111 130 144 120 115 140 137 113 124 144 126 111 135 141 117 118 142 
23964 6703.719005500 132 111 129 144 121 113 140 137 112 124 144 126 112 135 141 116 118 142 131 112 129 143 120 115 140 
23965 6703.732893000 137 112 124 144 126 112 135 141 116 118 143 132 111 130 144 120 113 139 138 113 123 143 127 112 134 
23966 6703.746780500 142 116 117 143 132 111 129 144 120 113 139 137 112 124 144 126 111 135 142 116 117 143 133 111 129 
23967 6703.760668000 143 121 114 140 137 113 123 144 127 112 134 141 116 118 142 132 111 128 144 121 114 139 138 113 123 
23968 6703.774555500 143 127 111 134 142 116 118 142 132 112 129 143 121 113 139 138 113 123 145 127 111 135 141 116 118 
23969 6703.788443000 143 132 111 129 144 122 114 139 138 113 123 144 127 111 135 142 116 119 143 132 111 129 143 121 114 
23970 6703.802330500 139 137 113 122 144 126 112 134 141 117 118 142 132 112 129 143 122 114 139 137 113 122 144 127 111 
23971 6703.816218000 134 142 116 117 143 132 112 129 143 122 114 139 138 113 122 145 127 112 134 141 117 117 142 132 111 
23972 6703.830105500 129 144 121 114 138 138 113 122 143 127 112 133 142 116 117 142 133 111 128 144 121 113 139 138 113 
23973 6703.843993000 122 144 127 112 134 142 117 118 142 132 111 127 145 122 113 140 138 113 122 144 127 111 134 142 117 
23974 6703.857880500 118 143 133 112 129 143 122 114 138 138 114 122 143 128 112 134 142 117 117 142 133 111 128 145 121 
23975 6703.871768000 113 139 138 113 123 144 127 111 134 141 116 118 143 132 110 129 143 121 114 139 139 114 122 143 128 
23976 6703.885655500 112 133 142 116 118 142 133 112 128 145 122 114 138 138 114 122 144 128 111 134 142 117 117 142 133 
23977 6703.899543000 112 129 143 122 113 139 138 113 123 144 127 112 134 142 117 117 142 133 111 128 144 121 113 139 138 
23978 6703.913430500 113 123 144 128 111 134 142 116 118 142 133 112 128 143 123 113 138 138 114 123 144 127 112 134 142 
23979 6703.927318000 116 117 142 133 111 129 144 121 114 139 138 113 122 145 128 111 134 142 117 117 142 134 111 128 144 
23980 6703.941205500 122 113 139 138 113 122 144 128 111 133 142 117 117 142 133 112 128 144 122 114 137 139 114 122 143 
23981 6703.955093000 128 111 133 142 117 118 142 133 111 128 144 122 113 139 138 114 123 144 127 110 134 142 117 117 143 
23982 6703.968980500 133 111 128 144 122 114 138 138 114 122 144 128 112 133 143 118 117 141 133 110 128 144 121 114 138 
23983 6703.982868000 138 114 121 144 128 111 134 142 117 117 142 134 112 127 144 123 113 138 139 113 121 145 128 111 133 
23984 6703.996755500 142 117 118 142 133 112 128 143 122 114 138 138 113 122 144 127 111 134 143 117 116 142 133 112 128 
23985 6704.010643000 143 123 113 138 139 113 122 144 127 112 133 142 118 117 141 134 112 127 143 121 114 138 138 114 122 
23986 6704.024530500 143 128 111 134 142 118 116 143 134 111 127 144 123 112 137 139 114 122 143 127 112 133 142 118 116 
23987 6704.038418000 142 134 111 128 143 123 113 137 139 113 121 144 128 112 133 142 118 117 142 133 112 127 143 123 113 
23988 6704.052305500 137 139 114 122 144 128 112 133 142 117 117 141 135 112 127 144 123 114 138 138 114 121 143 129 111 
23989 6704.066193000 132 143 117 117 141 134 111 127 145 122 112 138 139 114 122 144 128 111 132 143 117 116 142 134 111 
23990 6704.080080500 126 144 123 114 137 139 114 121 143 129 111 132 142 118 116 141 134 112 127 144 123 113 138 139 114 
23991 6704.093968000 121 144 129 111 133 143 118 116 142 134 111 128 144 123 113 138 139 113 121 144 128 111 133 142 118 
23992 6704.107855500 117 142 134 112 126 145 123 112 138 139 113 121 144 128 112 132 142 118 117 141 133 112 127 143 123 
23993 6704.121743000 113 137 139 114 120 144 129 111 132 143 118 116 142 134 111 127 144 122 113 138 139 113 122 144 128 
23994 6704.135630500 111 132 143 118 117 141 134 112 127 144 123 113 138 139 113 122 144 128 112 132 142 118 117 141 134 
23995 6704.149518000 112 126 144 123 112 137 140 114 121 143 129 111 132 143 118 115 142 135 112 126 144 123 112 137 140 
23996 6704.163405500 114 121 144 129 112 132 142 118 116 141 134 111 126 145 123 113 137 138 115 121 143 130 111 132 142 
23997 6704.177293000 118 116 141 134 112 126 144 123 112 137 139 113 120 144 129 111 132 143 117 117 142 134 111 127 144 
23998 6704.191180500 124 112 138 139 115 121 143 128 112 132 143 118 116 142 135 111 127 144 123 113 137 139 114 121 144 
23999 6704.205068000 129 112 132 143 118 116 142 135 112 126 145 123 112 137 139 113 121 144 129 112 132 142 118 117 141 
24000 6704.218955500 134 111 126 144 124 112 137 140 114 120 144 129 111 132 143 117 116 142 135 111 127 144 124 112 138 
24001 6704.232843000 140 114 121 144 128 111 131 143 119 116 141 135 112 126 145 123 112 138 140 114 120 144 129 111 132 
24002 6704.246730500 143 119 116 141 135 112 126 144 124 112 137 139 115 121 144 129 112 132 143 118 117 141 135 112 126 
24003 6704.260618000 144 123 113 137 139 115 120 143 130 111 131 143 118 115 141 134 111 126 144 124 112 138 140 115 120 
24004 6704.274505500 143 130 111 131 143 118 116 141 134 111 127 144 123 112 137 140 114 120 144 130 111 131 143 118 115 
24005 6704.288393000 142 135 113 126 144 124 113 137 139 115 120 144 129 111 132 143 118 115 141 135 112 125 144 123 113 
24006 6704.302280500 137 139 115 120 143 130 111 131 143 118 115 142 135 112 125 144 124 112 137 140 114 120 144 129 112 
24007 6704.316168000 131 143 119 116 140 136 112 126 143 124 113 136 140 115 120 143 130 111 131 143 119 115 141 135 112 
24008 6704.330055500 125 145 124 112 137 140 114 120 143 129 112 131 143 118 116 141 135 111 126 144 124 112 136 140 114 
24009 6704.343943000 120 143 129 111 131 143 119 116 141 135 113 126 144 124 113 137 140 114 121 144 129 112 131 143 119 
24010 6704.357830500 116 141 136 111 125 144 123 113 136 139 114 120 143 130 112 131 143 118 116 141 135 112 125 144 125 
24011 6704.371718000 113 136 141 115 120 144 130 112 132 143 118 116 140 135 112 126 144 124 113 137 140 115 120 143 131 
24012 6704.385605500 112 131 143 119 116 140 135 113 125 144 125 112 135 140 115 120 143 130 112 131 143 120 116 141 135 
24013 6704.399493000 111 126 144 124 113 137 141 115 119 143 130 110 132 143 118 116 140 135 113 125 145 125 112 136 140 
24014 6704.413380500 115 119 144 130 111 131 142 120 114 141 136 112 124 145 125 112 135 141 115 119 144 130 111 131 143 
24015 6704.427268000 119 116 140 135 113 125 144 125 112 136 141 115 119 143 131 111 130 143 120 115 140 136 112 125 145 
24016 6704.441155500 125 112 136 140 114 120 143 131 111 130 144 119 115 140 136 112 125 144 125 112 137 140 114 120 143 
24017 6704.455043000 130 112 131 143 120 114 141 136 111 125 145 125 112 136 140 115 119 143 131 112 131 143 119 115 141 
24018 6704.468930500 136 112 124 144 124 112 136 140 116 119 143 131 111 130 143 120 115 140 136 112 124 144 125 112 135 
24019 6704.482818000 141 115 119 144 130 111 131 143 120 115 141 136 112 125 144 124 113 136 140 115 119 143 131 111 131 
24020 6704.496705500 142 120 115 141 137 112 124 144 125 112 136 141 115 119 143 130 111 131 144 119 115 140 136 112 125 
24021 6704.510593000 144 124 112 135 141 115 119 143 131 111 131 143 120 115 141 136 112 125 144 124 112 136 141 115 118 
24022 6704.524480500 143 131 111 130 143 119 114 141 136 113 124 145 125 112 136 140 115 119 143 131 111 130 144 120 114 
24023 6704.538368000 141 136 112 124 145 125 112 136 140 114 119 143 130 111 130 144 120 115 140 137 113 124 144 125 112 
24024 6704.552255500 136 141 115 118 143 130 111 131 142 119 115 140 136 113 124 145 126 112 135 141 115 118 143 131 111 
24025 6704.566143000 129 144 119 115 140 137 112 124 144 126 113 135 140 116 119 142 132 112 130 143 119 115 140 136 112 
24026 6704.580030500 125 144 125 112 135 141 115 118 143 132 112 129 144 119 114 141 137 112 125 144 125 111 135 140 116 
24027 6704.593918000 119 143 131 112 130 144 121 114 139 137 112 124 145 126 112 136 141 115 118 144 131 111 130 143 119 
24028 6704.607805500 115 140 136 113 124 144 125 112 136 141 115 119 143 131 111 130 143 120 114 140 137 112 124 144 125 
24029 6704.621693000 111 136 141 115 119 142 132 111 129 144 120 114 139 137 112 123 144 126 112 135 141 116 118 143 131 
24030 6704.635580500 112 130 143 121 114 140 137 112 125 144 126 112 135 140 115 119 143 131 111 130 144 120 114 140 137 
24031 6704.649468000 113 123 145 125 112 135 140 116 119 142 131 112 130 143 120 115 139 136 112 124 144 126 113 136 141 
24032 6704.663355500 115 119 143 131 112 129 144 120 114 140 137 112 124 144 126 112 135 141 116 119 143 131 111 130 143 
24033 6704.677243000 120 115 139 137 113 124 144 126 111 135 141 116 118 142 131 112 129 143 121 114 139 137 113 123 144 
24034 6704.691130500 126 112 134 142 116 118 143 131 110 129 144 121 114 140 137 112 124 144 126 111 135 141 116 118 143 
24035 6704.705018000 131 112 129 144 120 115 140 137 112 124 144 126 113 135 141 116 119 143 132 112 129 144 122 114 139 
24036 6704.718905500 138 113 123 144 126 112 134 141 116 118 143 132 111 129 144 121 114 140 137 113 117 122 124 126 125 
24037 6704.732793000 125 126 125 127 126 127 126 127 127 127 126 127 128 127 127 127 128 127 127 128 127 127 127 128 128 
24038 6704.746680500 128 127 128 128 128 128 127 128 128 127 128 128 127 128 128 127 128 128 127 127 128 128 128 127 128 
24039 6704.760568000 128 128 127 128 128 127 128 128 127 127 128 128 127 128 128 127 128 129 127 127 129 128 128 127 128 
24040 6704.774455500 128 127 128 127 128 128 127 128 127 128 128 128 127 128 128 127 128 128 128 127 128 127 128 128 127 
24041 6704.788343000 127 128 128 128 127 128 127 128 128 127 128 128 127 128 128 127 128 128 127 127 128 128 128 128 128 
24042 6704.802230500 127 128 127 128 127 128 127 128 128 127 128 128 127 127 128 127 127 128 127 127 128 128 127 128 128 
24043 6704.816118000 127 128 127 128 127 128 128 127 128 128 128 127 128 128 128 127 128 128 128 127 127 128 128 127 128 
24044 6704.830005500 128 127 128 127 128 128 127 128 128 127 128 128 127 128 128 127 128 128 128 127 128 128 127 128 128 
24045 6704.843893000 127 128 127 128 127 127 127 128 128 127 127 128 128 127 127 128 127 127 127 128 127 127 128 128 128 
24046 6704.857780500 127 128 128 128 128 127 127 128 128 127 128 128 127 128 128 128 127 127 127 128 127 128 128 127 127 
24047 6704.871668000 128 128 127 128 128 128 128 128 128 128 127 128 128 127 128 128 127 128 128 127 128 128 128 127 128 
24048 6704.885555500 128 128 128 127 127 128 127 128 128 127 129 128 127 128 128 127 128 128 128 127 128 128 127 128 128 
24049 6704.899443000 127 128 127 128 128 128 127 127 128 128 128 127 128 128 127 128 128 128 127 127 128 128 127 128 128 
24050 6704.913330500 127 128 127 128 128 128 128 128 128 128 128 127 127 128 128 127 128 128 127 128 128 128 128 128 127 
24051 6704.927218000 127 128 128 127 128 127 128 128 127 128 128 127 128 128 128 128 127 127 128 128 127 127 128 128 127 
24052 6704.941105500 128 128 128 128 128 128 128 127 128 128 127 128 128 128 127 128 128 128 127 128 128 127 128 128 127 
24053 6704.954993000 128 128 127 128 128 128 128 127 127 129 128 127 127 128 128 127 128 127 127 128 127 128 127 127 128 
24054 6704.968880500 128 128 128 127 128 128 128 127 128 128 127 128 128 127 128 128 127 127 128 128 127 127 128 128 127 
24055 6704.982768000 128 128 127 128 127 128 128 127 128 128 127 127 127 128 127 128 128 128 128 127 128 128 127 127 128 
24056 6704.996655500 128 128 129 127 128 127 128 128 127 128 128 128 127 127 128 127 128 128 127 127 128 128 127 128 128 
24057 6705.010543000 127 128 127 128 127 128 127 127 128 127 127 128 128 127 128 128 127 129 128 128 127 128 128 127 128 
24058 6705.024430500 128 128 128 128 128 128 128 127 127 128 128 128 127 128 128 127 128 128 128 127 128 128 127 128 128 
24059 6705.038318000 127 127 128 128 128 127 127 128 128 127 128 128 127 127 128 128 127 127 128 128 127 128 129 127 127 
24060 6705.052205500 128 127 128 127 128 128 127 128 128 128 128 127 127 128 128 127 128 128 128 127 127 128 128 127 129 
24061 6705.066093000 128 127 127 127 128 127 128 128 127 128 128 127 128 128 127 128 128 127 127 128 128 127 128 128 128 
24062 6705.079980500 128 127 128 128 127 128 127 128 128 127 128 128 127 128 127 128 128 127 128 128 127 128 128 127 128 
24063 6705.093868000 128 127 128 127 128 127 128 128 127 128 128 128 127 128 128 127 128 128 127 128 128 127 128 128 127 
24064 6705.107755500 128 128 128 127 128 128 128 127 128 128 128 127 127 128 127 127 128 128 127 127 128 128 127 127 128 
24065 6705.121643000 127 128 128 128 128 127 128 128 127 128 127 127 128 128 127 128 128 128 127 128 128 128 128 128 128 
24066 6705.135530500 127 128 127 128 128 127 127 128 128 127 127 128 128 127 128 128 127 127 128 128 127 128 128 128 127 
24067 6705.149418000 128 128 127 128 127 128 128 127 128 128 128 127 128 128 128 127 128 128 127 127 128 128 127 127 128 
24068 6705.163305500 128 128 128 128 128 127 128 128 127 128 128 127 127 128 128 127 127 128 128 128 128 128 127 128 128 
24069 6705.177193000 128 127 128 127 128 128 127 127 128 128 127 128 127 128 128 128 128 128 128 127 128 128 128 127 127 
24070 6705.191080500 128 128 127 128 127 128 127 127 128 128 128 128 128 127 128 128 127 128 128 128 127 128 128 127 127 
24071 6705.204968000 128 128 127 128 128 127 128 127 127 128 127 127 128 127 127 128 128 128 127 127 128 128 128 127 128 
24072 6705.218855500 128 127 128 128 127 128 128 127 128 128 127 128 128 128 127 127 128 128 127 128 128 127 128 128 127 
24073 6705.232743000 128 128 128 127 128 128 127 128 128 127 128 128 127 128 128 128 127 128 128 128 127 128 128 127 128 
24074 6705.246630500 128 127 128 128 127 128 127 128 127 127 128 128 127 127 128 128 127 127 128 128 128 127 128 128 127 
24075 6705.260518000 128 128 127 128 127 127 128 127 128 128 127 127 128 128 127 128 128 128 127 129 128 127 128 128 127 
24076 6705.274405500 127 128 127 128 128 128 128 127 127 128 128 127 128 128 127 127 128 127 127 128 128 127 128 128 127 
24077 6705.288293000 128 128 127 128 127 128 128 128 127 128 127 127 128 128 127 127 128 128 128 128 127 127 128 127 128 
24078 6705.302180500 128 128 128 128 127 128 127 127 128 128 127 128 128 127 128 128 127 128 128 128 127 128 128 128 128 
24079 6705.316068000 127 129 128 127 128 127 127 128 128 127 128 128 128 128 127 128 128 127 129 128 128 127 128 127 128 
24080 6705.329955500 128 127 128 128 127 128 127 127 128 128 128 127 128 128 127 128 128 128 127 128 128 127 128 128 127 
24081 6705.343843000 128 128 127 128 127 128 128 127 129 128 127 128 128 128 128 128 128 127 129 128 127 127 128 128 128 
24082 6705.357730500 128 128 127 128 128 128 127 127 128 128 127 127 128 127 128 128 127 127 128 128 127 128 128 128 127 
24083 6705.371618000 127 128 128 127 128 127 127 128 128 127 127 127 128 128 128 128 128 127 128 128 128 127 128 128 127 
24084 6705.385505500 128 128 127 128 128 129 128 127 127 128 128 127 128 128 127 127 128 128 127 128 128 128 127 128 128 
24085 6705.399393000 127 128 127 128 128 127 128 127 128 128 127 128 128 127 128 128 128 128 128 127 127 128 127 127 128 
24086 6705.413280500 128 128 128 128 128 128 127 129 128 128 127 128 128 128 128 128 128 127 127 128 128 127 128 128 127 
24087 6705.427168000 128 127 128 128 127 128 127 127 128 128 127 128 128 128 127 128 128 128 127 128 127 127 128 128 128 
24088 6705.441055500 128 128 128 128 127 128 128 128 128 128 127 128 128 127 128 128 127 128 128 128 127 128 128 128 127 
24089 6705.454943000 128 127 129 128 127 127 127 128 128 128 128 128 127 127 128 128 127 127 127 128 128 127 128 128 127 
24090 6705.468830500 128 128 127 128 128 127 127 127 128 127 128 128 127 128 128 128 128 127 128 128 128 127 128 128 127 
24091 6705.482718000 127 128 127 127 128 127 128 127 127 128 128 127 128 127 128 128 127 127 128 128 127 128 128 128 128 
24092 6705.496605500 128 128 128 127 127 128 127 128 128 127 128 128 128 128 128 127 128 128 127 128 128 128 128 128 128 
24093 6705.510493000 127 128 127 128 128 127 128 128 127 128 128 127 128 128 127 128 128 127 128 128 127 128 128 127 128 
24094 6705.524380500 128 127 128 128 127 127 127 128 128 127 128 128 128 128 128 127 128 128 128 128 128 128 127 128 128 
24095 6705.538268000 127 128 127 128 128 127 128 127 127 128 128 127 128 128 127 127 128 128 128 127 128 128 127 127 128 
24096 6705.552155500 127 128 128 128 127 128 128 127 128 128 127 127 128 128 127 128 128 127 128 128 127 127 128 128 128 
24097 6705.566043000 127 129 128 128 128 128 128 127 128 128 127 128 128 128 127 128 127 127 128 128 127 127 128 127 128 
24098 6705.579930500 128 127 127 128 127 128 127 127 128 128 128 127 128 128 127 127 128 128 128 127 127 128 128 128 128 
24099 6705.593818000 127 128 127 128 128 127 128 128 127 128 128 128 128 128 127 128 128 127 128 128 128 128 127 127 128 
24100 6705.607705500 128 128 128 128 128 127 128 128 127 128 127 127 128 128 127 128 128 128 127 127 128 127 128 128 128 
24101 6705.621593000 127 128 127 128 127 127 128 128 127 127 128 128 127 128 128 128 127 127 128 128 127 128 128 127 128 
24102 6705.635480500 128 127 128 128 127 127 127 127 128 127 127 128 128 128 127 128 128 127 128 128 127 128 127 127 128 
24103 6705.649368000 128 127 128 127 128 128 127 128 128 128 127 128 128 128 127 128 128 128 127 128 128 128 127 128 128 
24104 6705.663255500 128 128 127 128 128 128 128 128 128 128 127 128 128 127 128 127 127 127 128 127 128 127 127 127 128 
24105 6705.677143000 128 127 128 128 128 128 127 129 128 128 127 128 128 127 128 128 128 127 128 128 127 128 128 127 128 
24106 6705.691030500 128 128 127 128 127 128 127 127 128 128 127 127 128 128 127 128 128 128 127 128 128 127 127 128 128 
24107 6705.704918000 127 128 128 127 128 127 128 128 127 127 128 127 127 128 128 127 127 128 128 127 127 128 128 128 127 
24108 6705.718805500 128 128 127 128 128 128 128 128 127 128 128 127 128 128 128 127 128 129 128 127 127 128 127 127 128 
24109 6705.732693000 128 127 128 128 128 127 128 128 127 128 128 127 127 127 128 127 127 127 128 127 128 128 128 127 127 
24110 6705.746580500 128 127 128 128 128 127 128 128 127 127 128 128 129 128 128 128 128 128 128 128 128 127 128 128 127 
24111 6705.760468000 128 128 128 127 128 127 128 128 128 127 128 128 127 128 127 127 128 128 127 128 128 127 127 128 127 
24112 6705.774355500 127 128 127 128 128 127 128 128 127 128 128 127 129 128 127 129 128 127 128 128 128 128 128 127 128 
24113 6705.788243000 128 128 127 128 127 128 127 128 128 128 127 128 128 127 129 127 128 128 128 127 128 128 127 127 128 
24114 6705.802130500 127 128 127 128 128 128 128 127 128 128 128 127 128 128 127 128 128 128 127 128 128 127 127 128 127 
