 68
0
20
92
15
254
183
0
79
7
24
103
184
0
164
5
68
0
21
92
40
254
183
0
83
7
49
103
184
0
167
5
68
0
22
92
65
254
183
0
103
7
74
103
184
0
186
5
68
0
23
92
90
254
183
0
104
7
99
103
184
0
187
5
68
0
24
92
115
254
183
0
102
7
124
103
184
0
186
5
68
0
25
92
140
254
183
0
103
7
149
103
184
0
186
5
68
0
26
92
165
254
183
0
105
7
174
103
184
0
188
5
68
0
27
92
190
254
183
0
76
7
199
103
184
0
158
5
68
0
28
92
215
254
183
0
79
7
224
103
184
0
162
5
68
0
29
92
240
254
183
0
83
7
249
103
184
0
165
5
68
0
30
92
9
255
183
0
101
7
18
104
184
0
183
5
68
0
31
92
34
255
183
0
105
7
43
104
184
0
186
5
68
0
32
92
59
255
183
0
102
7
68
104
184
0
184
5
68
0
33
92
84
255
183
0
103
7
93
104
184
0
185
5
68
0
34
92
109
255
183
0
104
7
118
104
184
0
185
5
68
0
35
92
134
255
183
0
76
7
143
104
184
0
157
5
68
0
36
92
159
255
183
0
77
7
168
104
184
0
158
5
68
0
37
92
184
255
183
0
81
7
193
104
184
0
162
5
68
0
38
92
209
255
183
0
100
7
218
104
184
0
180
5
68
0
39
92
234
255
183
0
102
7
243
104
184
0
182
5
68
0
40
92
3
0
184
0
99
7
12
105
184
0
179
5
68
0
41
92
28
0
184
0
119
7
37
105
184
0
199
5
68
0
42
92
53
0
184
0
108
7
62
105
184
0
188
5
68
0
43
92
78
0
184
0
76
7
87
105
184
0
155
5
68
0
44
92
103
0
184
0
79
7
112
105
184
0
159
5
68
0
45
92
128
0
184
0
83
7
137
105
184
0
161
5
68
0
46
92
153
0
184
0
99
7
162
105
184
0
178
5
68
0
47
92
178
0
184
0
138
7
187
105
184
0
216
5
68
0
48
92
203
0
184
0
109
7
212
105
184
0
186
5
68
0
49
92
228
0
184
0
99
7
237
105
184
0
176
5
68
0
50
92
253
0
184
0
70
7
6
106
184
0
147
5
68
0
51
92
22
1
184
0
75
7
31
106
184
0
152
5
68
0
52
92
47
1
184
0
79
7
56
106
184
0
155
5
68
0
53
92
72
1
184
0
82
7
81
106
184
0
159
5
68
0
54
92
97
1
184
0
102
7
106
106
184
0
178
5
68
0
55
92
122
1
184
0
104
7
131
106
184
0
180
5
68
0
56
92
147
1
184
0
105
7
156
106
184
0
180
5
68
0
57
92
172
1
184
0
102
7
181
106
184
0
178
5
68
0
58
92
197
1
184
0
103
7
206
106
184
0
178
5
68
0
59
92
222
1
184
0
75
7
231
106
184
0
150
5
68
0
60
92
247
1
184
0
80
7
0
107
184
0
155
5
68
0
61
92
16
2
184
0
83
7
25
107
184
0
158
5
68
0
62
92
41
2
184
0
102
7
50
107
184
0
177
5
68
0
63
92
66
2
184
0
104
7
75
107
184
0
178
5
68
0
64
92
91
2
184
0
105
7
100
107
184
0
179
5
68
0
65
92
116
2
184
0
102
7
125
107
184
0
176
5
68
0
66
92
141
2
184
0
71
7
150
107
184
0
145
5
68
0
67
92
166
2
184
0
76
7
175
107
184
0
150
5
68
0
68
92
191
2
184
0
80
7
200
107
184
0
152
5
68
0
69
92
216
2
184
0
83
7
225
107
184
0
157
5
68
0
70
92
241
2
184
0
99
7
250
107
184
0
172
5
68
0
71
92
10
3
184
0
137
7
19
108
184
0
210
5
68
0
72
92
35
3
184
0
109
7
44
108
184
0
180
5
68
0
73
92
60
3
184
0
99
7
69
108
184
0
171
5
68
0
74
92
85
3
184
0
70
7
94
108
184
0
141
5
68
0
75
92
110
3
184
0
74
7
119
108
184
0
145
5
68
0
76
92
135
3
184
0
79
7
144
108
184
0
150
5
68
0
77
92
160
3
184
0
134
7
169
108
184
0
205
5
68
0
78
92
185
3
184
0
108
7
194
108
184
0
179
5
68
0
79
92
210
3
184
0
99
7
219
108
184
0
169
5
68
0
80
92
235
3
184
0
101
7
244
108
184
0
171
5
68
0
81
92
4
4
184
0
101
7
13
109
184
0
171
5
68
0
82
92
29
4
184
0
69
7
38
109
184
0
139
5
68
0
83
92
54
4
184
0
128
7
63
109
184
0
197
5
68
0
84
92
79
4
184
0
112
7
88
109
184
0
181
5
68
0
85
92
104
4
184
0
82
7
113
109
184
0
151
5
68
0
86
92
129
4
184
0
103
7
138
109
184
0
172
5
68
0
87
92
154
4
184
0
104
7
163
109
184
0
173
5
68
0
88
92
179
4
184
0
103
7
188
109
184
0
171
5
68
0
89
92
204
4
184
0
104
7
213
109
184
0
172
5
68
0
90
92
229
4
184
0
69
7
238
109
184
0
137
5
68
0
91
92
254
4
184
0
73
7
7
110
184
0
141
5
68
0
92
92
23
5
184
0
78
7
32
110
184
0
145
5
68
0
93
92
48
5
184
0
82
7
57
110
184
0
149
5
68
0
94
92
73
5
184
0
103
7
82
110
184
0
170
5
68
0
95
92
98
5
184
0
104
7
107
110
184
0
170
5
68
0
96
92
123
5
184
0
101
7
132
110
184
0
168
5
68
0
97
92
148
5
184
0
105
7
157
110
184
0
170
5
68
0
98
92
173
5
184
0
69
7
182
110
184
0
135
5
68
0
99
92
198
5
184
0
73
7
207
110
184
0
138
5
68
0
100
92
223
5
184
0
78
7
232
110
184
0
143
5
68
0
101
92
248
5
184
0
137
7
1
111
184
0
202
5
68
0
102
92
17
6
184
0
107
7
26
111
184
0
172
5
68
0
103
92
42
6
184
0
98
7
51
111
184
0
163
5
68
0
104
92
67
6
184
0
100
7
76
111
184
0
164
5
68
0
105
92
92
6
184
0
101
7
101
111
184
0
165
5
68
0
106
92
117
6
184
0
71
7
126
111
184
0
135
5
68
0
107
92
142
6
184
0
127
7
151
111
184
0
191
5
68
0
108
92
167
6
184
0
77
7
176
111
184
0
140
5
68
0
109
92
192
6
184
0
82
7
201
111
184
0
145
5
68
0
110
92
217
6
184
0
100
7
226
111
184
0
164
5
68
0
111
92
242
6
184
0
101
7
251
111
184
0
164
5
68
0
112
92
11
7
184
0
99
7
20
112
184
0
162
5
68
0
113
92
36
7
184
0
120
7
45
112
184
0
182
5
68
0
114
92
61
7
184
0
108
7
70
112
184
0
171
5
68
0
115
92
86
7
184
0
75
7
95
112
184
0
137
5
68
0
116
92
111
7
184
0
79
7
120
112
184
0
141
5
68
0
117
92
136
7
184
0
84
7
145
112
184
0
145
5
68
0
118
92
161
7
184
0
102
7
170
112
184
0
163
5
68
0
119
92
186
7
184
0
103
7
195
112
184
0
164
5
68
0
120
92
211
7
184
0
102
7
220
112
184
0
162
5
68
0
121
92
236
7
184
0
104
7
245
112
184
0
164
5
68
0
122
92
5
8
184
0
105
7
14
113
184
0
164
5
68
0
123
92
30
8
184
0
75
7
39
113
184
0
135
5
68
0
124
92
55
8
184
0
79
7
64
113
184
0
138
5
68
0
125
92
80
8
184
0
84
7
89
113
184
0
143
5
68
0
126
92
105
8
184
0
101
7
114
113
184
0
159
5
68
0
127
92
130
8
184
0
104
7
139
113
184
0
163
5
68
0
128
92
155
8
184
0
102
7
164
113
184
0
161
5
68
0
129
92
180
8
184
0
104
7
189
113
184
0
162
5
68
0
130
92
205
8
184
0
105
7
214
113
184
0
163
5
68
0
131
92
230
8
184
0
75
7
239
113
184
0
133
5
68
0
132
92
255
8
184
0
77
7
8
114
184
0
135
5
68
0
133
92
24
9
184
0
82
7
33
114
184
0
139
5
68
0
134
92
49
9
184
0
101
7
58
114
184
0
158
5
68
0
135
92
74
9
184
0
101
7
83
114
184
0
159
5
68
0
136
92
99
9
184
0
99
7
108
114
184
0
156
5
68
0
137
92
124
9
184
0
120
7
133
114
184
0
177
5
68
0
138
92
149
9
184
0
109
7
158
114
184
0
165
5
68
0
139
92
174
9
184
0
75
7
183
114
184
0
132
5
68
0
140
92
199
9
184
0
79
7
208
114
184
0
135
5
68
0
141
92
224
9
184
0
83
7
233
114
184
0
139
5
68
0
142
92
249
9
184
0
100
7
2
115
184
0
155
5
68
0
143
92
18
10
184
0
137
7
27
115
184
0
193
5
68
0
144
92
43
10
184
0
108
7
52
115
184
0
164
5
68
0
145
92
68
10
184
0
99
7
77
115
184
0
153
5
68
0
146
92
93
10
184
0
71
7
102
115
184
0
125
5
68
0
147
92
118
10
184
0
74
7
127
115
184
0
128
5
68
0
148
92
143
10
184
0
78
7
152
115
184
0
132
5
68
0
149
92
168
10
184
0
82
7
177
115
184
0
135
5
68
0
150
92
193
10
184
0
103
7
202
115
184
0
156
5
68
0
151
92
218
10
184
0
103
7
227
115
184
0
156
5
68
0
152
92
243
10
184
0
104
7
252
115
184
0
157
5
68
0
153
92
12
11
184
0
102
7
21
116
184
0
155
5
68
0
154
92
37
11
184
0
104
7
46
116
184
0
156
5
68
0
155
92
62
11
184
0
75
7
71
116
184
0
127
5
68
0
156
92
87
11
184
0
79
7
96
116
184
0
131
5
68
0
157
92
112
11
184
0
83
7
121
116
184
0
135
5
68
0
158
92
137
11
184
0
103
7
146
116
184
0
154
5
68
0
159
92
162
11
184
0
104
7
171
116
184
0
155
5
68
0
160
92
187
11
184
0
104
7
196
116
184
0
155
5
68
0
161
92
212
11
184
0
102
7
221
116
184
0
153
5
68
0
162
92
237
11
184
0
72
7
246
116
184
0
123
5
68
0
163
92
6
12
184
0
76
7
15
117
184
0
126
5
68
0
164
92
31
12
184
0
79
7
40
117
184
0
130
5
68
0
165
92
56
12
184
0
83
7
65
117
184
0
133
5
68
0
166
92
81
12
184
0
100
7
90
117
184
0
149
5
68
0
167
92
106
12
184
0
138
7
115
117
184
0
187
5
68
0
168
92
131
12
184
0
108
7
140
117
184
0
158
5
68
0
169
92
156
12
184
0
99
7
165
117
184
0
149
5
68
0
170
92
181
12
184
0
71
7
190
117
184
0
119
5
68
0
171
92
206
12
184
0
75
7
215
117
184
0
123
5
68
0
172
92
231
12
184
0
78
7
240
117
184
0
126
5
68
0
173
92
0
13
184
0
134
7
9
118
184
0
182
5
68
0
174
92
25
13
184
0
109
7
34
118
184
0
156
5
68
0
175
92
50
13
184
0
100
7
59
118
184
0
147
5
68
0
176
92
75
13
184
0
100
7
84
118
184
0
147
5
68
0
177
92
100
13
184
0
101
7
109
118
184
0
148
5
68
0
178
92
125
13
184
0
69
7
134
118
184
0
116
5
68
0
179
92
150
13
184
0
129
7
159
118
184
0
175
5
68
0
180
92
175
13
184
0
111
7
184
118
184
0
158
5
68
0
181
92
200
13
184
0
81
7
209
118
184
0
127
5
68
0
182
92
225
13
184
0
103
7
234
118
184
0
149
5
68
0
183
92
250
13
184
0
105
7
3
119
184
0
150
5
68
0
184
92
19
14
184
0
102
7
28
119
184
0
148
5
68
0
185
92
44
14
184
0
103
7
53
119
184
0
148
5
68
0
186
92
69
14
184
0
69
7
78
119
184
0
114
5
68
0
187
92
94
14
184
0
74
7
103
119
184
0
119
5
68
0
188
92
119
14
184
0
77
7
128
119
184
0
122
5
68
0
189
92
144
14
184
0
81
7
153
119
184
0
125
5
68
0
190
92
169
14
184
0
103
7
178
119
184
0
147
5
68
0
191
92
194
14
184
0
105
7
203
119
184
0
148
5
68
0
192
92
219
14
184
0
101
7
228
119
184
0
143
5
68
0
193
92
244
14
184
0
104
7
253
119
184
0
147
5
68
0
194
92
13
15
184
0
69
7
22
120
184
0
111
5
68
0
195
92
38
15
184
0
74
7
47
120
184
0
116
5
68
0
196
92
63
15
184
0
78
7
72
120
184
0
120
5
68
0
197
92
88
15
184
0
136
7
97
120
184
0
178
5
68
0
198
92
113
15
184
0
107
7
122
120
184
0
149
5
68
0
199
92
138
15
184
0
99
7
147
120
184
0
140
5
68
0
200
92
163
15
184
0
100
7
172
120
184
0
141
5
68
0
201
92
188
15
184
0
100
7
197
120
184
0
141
5
68
0
202
92
213
15
184
0
71
7
222
120
184
0
112
5
68
0
203
92
238
15
184
0
128
7
247
120
184
0
169
5
68
0
204
92
7
16
184
0
78
7
16
121
184
0
118
5
68
0
205
92
32
16
184
0
81
7
41
121
184
0
122
5
68
0
206
92
57
16
184
0
100
7
66
121
184
0
140
5
68
0
207
92
82
16
184
0
102
7
91
121
184
0
142
5
68
0
208
92
107
16
184
0
100
7
116
121
184
0
139
5
68
0
209
92
132
16
184
0
119
7
141
121
184
0
159
5
68
0
210
92
157
16
184
0
108
7
166
121
184
0
147
5
68
0
211
92
182
16
184
0
76
7
191
121
184
0
115
5
68
0
212
92
207
16
184
0
80
7
216
121
184
0
119
5
68
0
213
92
232
16
184
0
83
7
241
121
184
0
122
5
68
0
214
92
1
17
184
0
102
7
10
122
184
0
141
5
68
0
215
92
26
17
184
0
103
7
35
122
184
0
141
5
68
0
216
92
51
17
184
0
103
7
60
122
184
0
141
5
68
0
217
92
76
17
184
0
103
7
85
122
184
0
141
5
68
0
218
92
101
17
184
0
104
7
110
122
184
0
141
5
68
0
219
92
126
17
184
0
75
7
135
122
184
0
111
5
68
0
220
92
151
17
184
0
80
7
160
122
184
0
116
5
68
0
221
92
176
17
184
0
83
7
185
122
184
0
120
5
68
0
222
92
201
17
184
0
100
7
210
122
184
0
137
5
68
0
223
92
226
17
184
0
104
7
235
122
184
0
140
5
68
0
224
92
251
17
184
0
103
7
4
123
184
0
138
5
68
0
225
92
20
18
184
0
103
7
29
123
184
0
139
5
68
0
226
92
45
18
184
0
104
7
54
123
184
0
139
5
68
0
227
92
70
18
184
0
75
7
79
123
184
0
110
5
68
0
228
92
95
18
184
0
78
7
104
123
184
0
112
5
68
0
229
92
120
18
184
0
82
7
129
123
184
0
116
5
68
0
230
92
145
18
184
0
100
7
154
123
184
0
135
5
68
0
231
92
170
18
184
0
101
7
179
123
184
0
135
5
68
0
232
92
195
18
184
0
100
7
204
123
184
0
134
5
68
0
233
92
220
18
184
0
120
7
229
123
184
0
153
5
68
0
234
92
245
18
184
0
108
7
254
123
184
0
142
5
68
0
235
92
14
19
184
0
75
7
23
124
184
0
108
5
68
0
236
92
39
19
184
0
80
7
48
124
184
0
113
5
68
0
237
92
64
19
184
0
84
7
73
124
184
0
117
5
68
0
238
92
89
19
184
0
99
7
98
124
184
0
131
5
68
0
239
92
114
19
184
0
137
7
123
124
184
0
169
5
68
0
240
92
139
19
184
0
109
7
148
124
184
0
141
5
68
0
241
92
164
19
184
0
100
7
173
124
184
0
131
5
68
0
242
92
189
19
184
0
70
7
198
124
184
0
101
5
68
0
243
92
214
19
184
0
74
7
223
124
184
0
105
5
68
0
244
92
239
19
184
0
79
7
248
124
184
0
109
5
68
0
245
92
8
20
184
0
83
7
17
125
184
0
113
5
68
0
246
92
33
20
184
0
102
7
42
125
184
0
134
5
68
0
247
92
58
20
184
0
103
7
67
125
184
0
133
5
68
0
248
92
83
20
184
0
104
7
92
125
184
0
134
5
68
0
249
92
108
20
184
0
103
7
117
125
184
0
132
5
68
0
250
92
133
20
184
0
103
7
142
125
184
0
133
5
68
0
251
92
158
20
184
0
74
7
167
125
184
0
103
5
68
0
252
92
183
20
184
0
79
7
192
125
184
0
108
5
68
0
253
92
208
20
184
0
84
7
217
125
184
0
112
5
68
0
254
92
233
20
184
0
102
7
242
125
184
0
131
5
68
0
255
92
2
21
184
0
103
7
11
126
184
0
132
5
68
0
0
93
27
21
184
0
104
7
36
126
184
0
132
5
68
0
1
93
52
21
184
0
103
7
61
126
184
0
131
5
68
0
2
93
77
21
184
0
71
7
86
126
184
0
99
5
68
0
3
93
102
21
184
0
75
7
111
126
184
0
103
5
68
0
4
93
127
21
184
0
79
7
136
126
184
0
106
5
68
0
5
93
152
21
184
0
84
7
161
126
184
0
111
5
68
0
6
93
177
21
184
0
99
7
186
126
184
0
126
5
68
0
7
93
202
21
184
0
137
7
211
126
184
0
164
5
68
0
8
93
227
21
184
0
108
7
236
126
184
0
134
5
68
0
9
93
252
21
184
0
100
7
5
127
184
0
126
5
68
0
10
93
21
22
184
0
71
7
30
127
184
0
97
5
68
0
11
93
46
22
184
0
74
7
55
127
184
0
99
5
68
0
12
93
71
22
184
0
78
7
80
127
184
0
103
5
68
0
13
93
96
22
184
0
135
7
105
127
184
0
160
5
68
0
14
93
121
22
184
0
109
7
130
127
184
0
133
5
68
0
15
93
146
22
184
0
99
7
155
127
184
0
124
5
68
0
16
93
171
22
184
0
100
7
180
127
184
0
124
5
68
0
17
93
196
22
184
0
102
7
205
127
184
0
126
5
68
0
18
93
221
22
184
0
70
7
230
127
184
0
93
5
68
0
19
93
246
22
184
0
128
7
255
127
184
0
152
5
68
0
20
93
15
23
184
0
111
7
24
128
184
0
134
5
68
0
21
93
40
23
184
0
82
7
49
128
184
0
105
5
68
0
22
93
65
23
184
0
104
7
74
128
184
0
126
5
68
0
23
93
90
23
184
0
104
7
99
128
184
0
127
5
68
0
24
93
115
23
184
0
102
7
124
128
184
0
125
5
68
0
25
93
140
23
184
0
104
7
149
128
184
0
126
5
68
0
26
93
165
23
184
0
70
7
174
128
184
0
92
5
68
0
27
93
190
23
184
0
73
7
199
128
184
0
95
5
68
0
28
93
215
23
184
0
77
7
224
128
184
0
99
5
68
0
29
93
240
23
184
0
81
7
249
128
184
0
102
5
68
0
30
93
9
24
184
0
104
7
18
129
184
0
125
5
68
0
31
93
34
24
184
0
104
7
43
129
184
0
125
5
68
0
32
93
59
24
184
0
100
7
68
129
184
0
120
5
68
0
33
93
84
24
184
0
104
7
93
129
184
0
124
5
68
0
34
93
109
24
184
0
70
7
118
129
184
0
89
5
68
0
35
93
134
24
184
0
73
7
143
129
184
0
94
5
68
0
36
93
159
24
184
0
77
7
168
129
184
0
96
5
68
0
37
93
184
24
184
0
136
7
193
129
184
0
155
5
68
0
38
93
209
24
184
0
108
7
218
129
184
0
127
5
68
0
39
93
234
24
184
0
98
7
243
129
184
0
117
5
68
0
40
93
3
25
184
0
99
7
12
130
184
0
117
5
68
0
41
93
28
25
184
0
100
7
37
130
184
0
118
5
68
0
42
93
53
25
184
0
72
7
62
130
184
0
90
5
68
0
43
93
78
25
184
0
128
7
87
130
184
0
145
5
68
0
44
93
103
25
184
0
77
7
112
130
184
0
95
5
68
0
45
93
128
25
184
0
81
7
137
130
184
0
98
5
68
0
46
93
153
25
184
0
101
7
162
130
184
0
118
5
68
0
47
93
178
25
184
0
102
7
187
130
184
0
118
5
68
0
48
93
203
25
184
0
99
7
212
130
184
0
116
5
68
0
49
93
228
25
184
0
119
7
237
130
184
0
136
5
68
0
50
93
253
25
184
0
109
7
6
131
184
0
125
5
68
0
51
93
22
26
184
0
76
7
31
131
184
0
92
5
68
0
52
93
47
26
184
0
79
7
56
131
184
0
95
5
68
0
53
93
72
26
184
0
83
7
81
131
184
0
99
5
68
0
54
93
97
26
184
0
103
7
106
131
184
0
118
5
68
0
55
93
122
26
184
0
104
7
131
131
184
0
119
5
68
0
56
93
147
26
184
0
102
7
156
131
184
0
116
5
68
0
57
93
172
26
184
0
103
7
181
131
184
0
117
5
68
0
58
93
197
26
184
0
105
7
206
131
184
0
120
5
68
0
59
93
222
26
184
0
76
7
231
131
184
0
89
5
68
0
60
93
247
26
184
0
79
7
0
132
184
0
93
5
68
0
61
93
16
27
184
0
83
7
25
132
184
0
96
5
68
0
62
93
41
27
184
0
101
7
50
132
184
0
114
5
68
0
63
93
66
27
184
0
105
7
75
132
184
0
117
5
68
0
64
93
91
27
184
0
102
7
100
132
184
0
115
5
68
0
65
93
116
27
184
0
103
7
125
132
184
0
115
5
68
0
66
93
141
27
184
0
104
7
150
132
184
0
116
5
68
0
67
93
166
27
184
0
76
7
175
132
184
0
88
5
68
0
68
93
191
27
184
0
77
7
200
132
184
0
89
5
68
0
69
93
216
27
184
0
81
7
225
132
184
0
93
5
68
0
70
93
241
27
184
0
100
7
250
132
184
0
111
5
68
0
71
93
10
28
184
0
102
7
19
133
184
0
113
5
68
0
72
93
35
28
184
0
99
7
44
133
184
0
110
5
68
0
73
93
60
28
184
0
119
7
69
133
184
0
130
5
68
0
74
93
85
28
184
0
108
7
94
133
184
0
118
5
68
0
75
93
110
28
184
0
76
7
119
133
184
0
86
5
68
0
76
93
135
28
184
0
79
7
144
133
184
0
90
5
68
0
77
93
160
28
184
0
83
7
169
133
184
0
93
5
68
0
78
93
185
28
184
0
99
7
194
133
184
0
109
5
68
0
79
93
210
28
184
0
138
7
219
133
184
0
146
5
68
0
80
93
235
28
184
0
109
7
244
133
184
0
117
5
68
0
81
93
4
29
184
0
99
7
13
134
184
0
108
5
68
0
82
93
29
29
184
0
70
7
38
134
184
0
78
5
68
0
83
93
54
29
184
0
75
7
63
134
184
0
84
5
68
0
84
93
79
29
184
0
79
7
88
134
184
0
87
5
68
0
85
93
104
29
184
0
82
7
113
134
184
0
90
5
68
0
86
93
129
29
184
0
102
7
138
134
184
0
109
5
68
0
87
93
154
29
184
0
104
7
163
134
184
0
111
5
68
0
88
93
179
29
184
0
105
7
188
134
184
0
111
5
68
0
89
93
204
29
184
0
102
7
213
134
184
0
109
5
68
0
90
93
229
29
184
0
103
7
238
134
184
0
109
5
68
0
91
93
254
29
184
0
75
7
7
135
184
0
81
5
68
0
92
93
23
30
184
0
80
7
32
135
184
0
86
5
68
0
93
93
48
30
184
0
83
7
57
135
184
0
89
5
68
0
94
93
73
30
184
0
102
7
82
135
184
0
108
5
68
0
95
93
98
30
184
0
104
7
107
135
184
0
109
5
68
0
96
93
123
30
184
0
105
7
132
135
184
0
110
5
68
0
97
93
148
30
184
0
102
7
157
135
184
0
107
5
68
0
98
93
173
30
184
0
71
7
182
135
184
0
76
5
68
0
99
93
198
30
184
0
76
7
207
135
184
0
80
5
68
0
100
93
223
30
184
0
80
7
232
135
184
0
84
5
68
0
101
93
248
30
184
0
83
7
1
136
184
0
88
5
68
0
102
93
17
31
184
0
99
7
26
136
184
0
103
5
68
0
103
93
42
31
184
0
137
7
51
136
184
0
140
5
68
0
104
93
67
31
184
0
109
7
76
136
184
0
112
5
68
0
105
93
92
31
184
0
99
7
101
136
184
0
103
5
68
0
106
93
117
31
184
0
70
7
126
136
184
0
72
5
68
0
107
93
142
31
184
0
74
7
151
136
184
0
77
5
68
0
108
93
167
31
184
0
79
7
176
136
184
0
81
5
68
0
109
93
192
31
184
0
134
7
201
136
184
0
136
5
68
0
110
93
217
31
184
0
108
7
226
136
184
0
110
5
68
0
111
93
242
31
184
0
99
7
251
136
184
0
101
5
68
0
112
93
11
32
184
0
101
7
20
137
184
0
102
5
68
0
113
93
36
32
184
0
101
7
45
137
184
0
102
5
68
0
114
93
61
32
184
0
69
7
70
137
184
0
70
5
68
0
115
93
86
32
184
0
128
7
95
137
184
0
128
5
68
0
116
93
111
32
184
0
112
7
120
137
184
0
112
5
68
0
117
93
136
32
184
0
82
7
145
137
184
0
82
5
68
0
118
93
161
32
184
0
103
7
170
137
184
0
103
5
68
0
119
93
186
32
184
0
104
7
195
137
184
0
104
5
68
0
120
93
211
32
184
0
103
7
220
137
184
0
102
5
68
0
121
93
236
32
184
0
104
7
245
137
184
0
103
5
68
0
122
93
5
33
184
0
69
7
14
138
184
0
68
5
68
0
123
93
30
33
184
0
73
7
39
138
184
0
72
5
68
0
124
93
55
33
184
0
78
7
64
138
184
0
76
5
68
0
125
93
80
33
184
0
82
7
89
138
184
0
80
5
68
0
126
93
105
33
184
0
103
7
114
138
184
0
102
5
68
0
127
93
130
33
184
0
104
7
139
138
184
0
102
5
68
0
128
93
155
33
184
0
101
7
164
138
184
0
99
5
68
0
129
93
180
33
184
0
105
7
189
138
184
0
102
5
68
0
130
93
205
33
184
0
69
7
214
138
184
0
66
5
68
0
131
93
230
33
184
0
73
7
239
138
184
0
70
5
68
0
132
93
255
33
184
0
78
7
8
139
184
0
74
5
68
0
133
93
24
34
184
0
137
7
33
139
184
0
132
5
68
0
134
93
49
34
184
0
107
7
58
139
184
0
103
5
68
0
135
93
74
34
184
0
98
7
83
139
184
0
94
5
68
0
136
93
99
34
184
0
99
7
108
139
184
0
94
5
68
0
137
93
124
34
184
0
101
7
133
139
184
0
96
5
68
0
138
93
149
34
184
0
71
7
158
139
184
0
66
5
68
0
139
93
174
34
184
0
127
7
183
139
184
0
122
5
68
0
140
93
199
34
184
0
77
7
208
139
184
0
71
5
68
0
141
93
224
34
184
0
82
7
233
139
184
0
76
5
68
0
142
93
249
34
184
0
100
7
2
140
184
0
95
5
68
0
143
93
18
35
184
0
101
7
27
140
184
0
95
5
68
0
144
93
43
35
184
0
99
7
52
140
184
0
93
5
68
0
145
93
68
35
184
0
120
7
77
140
184
0
113
5
68
0
146
93
93
35
184
0
108
7
102
140
184
0
102
5
68
0
147
93
118
35
184
0
75
7
127
140
184
0
68
5
68
0
148
93
143
35
184
0
79
7
152
140
184
0
72
5
68
0
149
93
168
35
184
0
84
7
177
140
184
0
76
5
68
0
150
93
193
35
184
0
102
7
202
140
184
0
95
5
68
0
151
93
218
35
184
0
103
7
227
140
184
0
96
5
68
0
152
93
243
35
184
0
102
7
252
140
184
0
94
5
68
0
153
93
12
36
184
0
104
7
21
141
184
0
96
5
68
0
154
93
37
36
184
0
105
7
46
141
184
0
96
5
68
0
155
93
62
36
184
0
75
7
71
141
184
0
66
5
68
0
156
93
87
36
184
0
79
7
96
141
184
0
69
5
68
0
157
93
112
36
184
0
84
7
121
141
184
0
74
5
68
0
158
93
137
36
184
0
101
7
146
141
184
0
90
5
68
0
159
93
162
36
184
0
104
7
171
141
184
0
94
5
68
0
160
93
187
36
184
0
102
7
196
141
184
0
92
5
68
0
161
93
212
36
184
0
104
7
221
141
184
0
93
5
68
0
162
93
237
36
184
0
105
7
246
141
184
0
94
5
68
0
163
93
6
37
184
0
75
7
15
142
184
0
64
5
68
0
164
93
31
37
184
0
77
7
40
142
184
0
66
5
68
0
165
93
56
37
184
0
82
7
65
142
184
0
70
5
68
0
166
93
81
37
184
0
101
7
90
142
184
0
89
5
68
0
167
93
106
37
184
0
101
7
115
142
184
0
89
5
68
0
168
93
131
37
184
0
99
7
140
142
184
0
87
5
68
0
169
93
156
37
184
0
120
7
165
142
184
0
108
5
68
0
170
93
181
37
184
0
109
7
190
142
184
0
96
5
68
0
171
93
206
37
184
0
75
7
215
142
184
0
63
5
68
0
172
93
231
37
184
0
79
7
240
142
184
0
66
5
68
0
173
93
0
38
184
0
83
7
9
143
184
0
70
5
68
0
174
93
25
38
184
0
100
7
34
143
184
0
86
5
68
0
175
93
50
38
184
0
137
7
59
143
184
0
124
5
68
0
176
93
75
38
184
0
108
7
84
143
184
0
95
5
68
0
177
93
100
38
184
0
99
7
109
143
184
0
85
5
68
0
178
93
125
38
184
0
71
7
134
143
184
0
57
5
68
0
179
93
150
38
184
0
74
7
159
143
184
0
59
5
68
0
180
93
175
38
184
0
78
7
184
143
184
0
63
5
68
0
181
93
200
38
184
0
82
7
209
143
184
0
66
5
68
0
182
93
225
38
184
0
103
7
234
143
184
0
87
5
68
0
183
93
250
38
184
0
103
7
3
144
184
0
87
5
68
0
184
93
19
39
184
0
104
7
28
144
184
0
88
5
68
0
185
93
44
39
184
0
102
7
53
144
184
0
86
5
68
0
186
93
69
39
184
0
104
7
78
144
184
0
87
5
68
0
187
93
94
39
184
0
75
7
103
144
184
0
58
5
68
0
188
93
119
39
184
0
79
7
128
144
184
0
62
5
68
0
189
93
144
39
184
0
83
7
153
144
184
0
66
5
68
0
190
93
169
39
184
0
103
7
178
144
184
0
85
5
68
0
191
93
194
39
184
0
104
7
203
144
184
0
86
5
68
0
192
93
219
39
184
0
104
7
228
144
184
0
86
5
68
0
193
93
244
39
184
0
102
7
253
144
184
0
84
5
68
0
194
93
13
40
184
0
72
7
22
145
184
0
54
5
68
0
195
93
38
40
184
0
76
7
47
145
184
0
57
5
68
0
196
93
63
40
184
0
79
7
72
145
184
0
61
5
68
0
197
93
88
40
184
0
83
7
97
145
184
0
64
5
68
0
198
93
113
40
184
0
100
7
122
145
184
0
81
5
68
0
199
93
138
40
184
0
138
7
147
145
184
0
118
5
68
0
200
93
163
40
184
0
108
7
172
145
184
0
89
5
68
0
201
93
188
40
184
0
99
7
197
145
184
0
79
5
68
0
202
93
213
40
184
0
71
7
222
145
184
0
51
5
68
0
203
93
238
40
184
0
75
7
247
145
184
0
54
5
68
0
204
93
7
41
184
0
78
7
16
146
184
0
57
5
68
0
205
93
32
41
184
0
134
7
41
146
184
0
113
5
68
0
206
93
57
41
184
0
109
7
66
146
184
0
87
5
68
0
207
93
82
41
184
0
100
7
91
146
184
0
78
5
68
0
208
93
107
41
184
0
100
7
116
146
184
0
78
5
68
0
209
93
132
41
184
0
101
7
141
146
184
0
79
5
68
0
210
93
157
41
184
0
69
7
166
146
184
0
47
5
68
0
211
93
182
41
184
0
129
7
191
146
184
0
106
5
68
0
212
93
207
41
184
0
111
7
216
146
184
0
89
5
68
0
213
93
232
41
184
0
81
7
241
146
184
0
58
5
68
0
214
93
1
42
184
0
103
7
10
147
184
0
80
5
68
0
215
93
26
42
184
0
105
7
35
147
184
0
81
5
68
0
216
93
51
42
184
0
102
7
60
147
184
0
79
5
68
0
217
93
76
42
184
0
103
7
85
147
184
0
79
5
68
0
218
93
101
42
184
0
69
7
110
147
184
0
45
5
68
0
219
93
126
42
184
0
74
7
135
147
184
0
50
5
68
0
220
93
151
42
184
0
77
7
160
147
184
0
53
5
68
0
221
93
176
42
184
0
81
7
185
147
184
0
57
5
68
0
222
93
201
42
184
0
103
7
210
147
184
0
78
5
68
0
223
93
226
42
184
0
105
7
235
147
184
0
80
5
68
0
224
93
251
42
184
0
101
7
4
148
184
0
75
5
68
0
225
93
20
43
184
0
104
7
29
148
184
0
79
5
68
0
226
93
45
43
184
0
69
7
54
148
184
0
43
5
68
0
227
93
70
43
184
0
74
7
79
148
184
0
47
5
68
0
228
93
95
43
184
0
78
7
104
148
184
0
51
5
68
0
229
93
120
43
184
0
136
7
129
148
184
0
109
5
68
0
230
93
145
43
184
0
107
7
154
148
184
0
80
5
68
0
231
93
170
43
184
0
99
7
179
148
184
0
71
5
68
0
232
93
195
43
184
0
100
7
204
148
184
0
72
5
68
0
233
93
220
43
184
0
100
7
229
148
184
0
72
5
68
0
234
93
245
43
184
0
71
7
254
148
184
0
43
5
68
0
235
93
14
44
184
0
128
7
23
149
184
0
99
5
68
0
236
93
39
44
184
0
78
7
48
149
184
0
49
5
68
0
237
93
64
44
184
0
81
7
73
149
184
0
53
5
68
0
238
93
89
44
184
0
100
7
98
149
184
0
71
5
68
0
239
93
114
44
184
0
102
7
123
149
184
0
73
5
68
0
240
93
139
44
184
0
100
7
148
149
184
0
70
5
68
0
241
93
164
44
184
0
119
7
173
149
184
0
90
5
68
0
242
93
189
44
184
0
108
7
198
149
184
0
78
5
68
0
243
93
214
44
184
0
75
7
223
149
184
0
45
5
68
0
244
93
239
44
184
0
80
7
248
149
184
0
50
5
68
0
245
93
8
45
184
0
83
7
17
150
184
0
53
5
68
0
246
93
33
45
184
0
102
7
42
150
184
0
71
5
68
0
247
93
58
45
184
0
103
7
67
150
184
0
72
5
68
0
248
93
83
45
184
0
103
7
92
150
184
0
72
5
68
0
249
93
108
45
184
0
103
7
117
150
184
0
72
5
68
0
250
93
133
45
184
0
104
7
142
150
184
0
73
5
68
0
251
93
158
45
184
0
75
7
167
150
184
0
42
5
68
0
252
93
183
45
184
0
80
7
192
150
184
0
47
5
68
0
253
93
208
45
184
0
83
7
217
150
184
0
51
5
68
0
254
93
233
45
184
0
100
7
242
150
184
0
67
5
68
0
255
93
2
46
184
0
104
7
11
151
184
0
72
5
68
0
0
94
27
46
184
0
103
7
36
151
184
0
69
5
68
0
1
94
52
46
184
0
103
7
61
151
184
0
70
5
68
0
2
94
77
46
184
0
104
7
86
151
184
0
70
5
68
0
3
94
102
46
184
0
75
7
111
151
184
0
41
5
68
0
4
94
127
46
184
0
78
7
136
151
184
0
43
5
68
0
5
94
152
46
184
0
82
7
161
151
184
0
47
5
68
0
6
94
177
46
184
0
100
7
186
151
184
0
66
5
68
0
7
94
202
46
184
0
101
7
211
151
184
0
67
5
68
0
8
94
227
46
184
0
100
7
236
151
184
0
65
5
68
0
9
94
252
46
184
0
120
7
5
152
184
0
84
5
68
0
10
94
21
47
184
0
108
7
30
152
184
0
73
5
68
0
11
94
46
47
184
0
75
7
55
152
184
0
39
5
68
0
12
94
71
47
184
0
80
7
80
152
184
0
44
5
68
0
13
94
96
47
184
0
84
7
105
152
184
0
47
5
68
0
14
94
121
47
184
0
99
7
130
152
184
0
63
5
68
0
15
94
146
47
184
0
137
7
155
152
184
0
101
5
68
0
16
94
171
47
184
0
109
7
180
152
184
0
72
5
68
0
17
94
196
47
184
0
100
7
205
152
184
0
63
5
68
0
18
94
221
47
184
0
70
7
230
152
184
0
33
5
68
0
19
94
246
47
184
0
74
7
255
152
184
0
36
5
68
0
20
94
15
48
184
0
79
7
24
153
184
0
40
5
68
0
21
94
40
48
184
0
83
7
49
153
184
0
44
5
68
0
22
94
65
48
184
0
102
7
74
153
184
0
64
5
68
0
23
94
90
48
184
0
103
7
99
153
184
0
64
5
68
0
24
94
115
48
184
0
104
7
124
153
184
0
65
5
68
0
25
94
140
48
184
0
103
7
149
153
184
0
64
5
68
0
26
94
165
48
184
0
103
7
174
153
184
0
64
5
68
0
27
94
190
48
184
0
74
7
199
153
184
0
35
5
68
0
28
94
215
48
184
0
79
7
224
153
184
0
39
5
68
0
29
94
240
48
184
0
84
7
249
153
184
0
43
5
68
0
30
94
9
49
184
0
102
7
18
154
184
0
62
5
68
0
31
94
34
49
184
0
103
7
43
154
184
0
63
5
68
0
32
94
59
49
184
0
104
7
68
154
184
0
63
5
68
0
33
94
84
49
184
0
103
7
93
154
184
0
62
5
68
0
34
94
109
49
184
0
71
7
118
154
184
0
30
5
68
0
35
94
134
49
184
0
75
7
143
154
184
0
34
5
68
0
36
94
159
49
184
0
79
7
168
154
184
0
37
5
68
0
37
94
184
49
184
0
84
7
193
154
184
0
42
5
68
0
38
94
209
49
184
0
100
7
218
154
184
0
56
5
68
0
39
94
234
49
184
0
137
7
243
154
184
0
95
5
68
0
40
94
3
50
184
0
108
7
12
155
184
0
66
5
68
0
41
94
28
50
184
0
100
7
37
155
184
0
56
5
68
0
42
94
53
50
184
0
71
7
62
155
184
0
28
5
68
0
43
94
78
50
184
0
74
7
87
155
184
0
30
5
68
0
44
94
103
50
184
0
78
7
112
155
184
0
34
5
68
0
45
94
128
50
184
0
135
7
137
155
184
0
90
5
68
0
46
94
153
50
184
0
109
7
162
155
184
0
64
5
68
0
47
94
178
50
184
0
99
7
187
155
184
0
54
5
68
0
48
94
203
50
184
0
100
7
212
155
184
0
56
5
68
0
49
94
228
50
184
0
102
7
237
155
184
0
57
5
68
0
50
94
253
50
184
0
70
7
6
156
184
0
24
5
