 4
0
194
50
243
244
54
0
127
128
127
128
128
127
127
127
127
128
127
128
127
128
127
127
127
128
127
128
127
127
127
128
127
4
0
195
50
12
245
54
0
128
127
128
127
127
127
128
128
127
128
127
127
127
127
128
128
127
127
127
128
127
127
127
128
127
4
0
224
50
225
247
54
0
127
127
127
127
128
127
128
127
128
127
127
127
128
127
128
127
128
128
127
128
127
128
127
127
127
4
0
225
50
250
247
54
0
128
128
127
128
127
128
127
128
127
127
127
127
127
127
127
127
127
127
127
128
127
128
127
126
127
4
0
226
50
19
248
54
0
127
127
128
127
127
127
128
127
127
127
127
127
127
128
127
128
127
128
128
127
128
128
127
127
127
4
0
227
50
44
248
54
0
128
127
128
127
128
128
127
128
127
128
127
127
127
128
127
128
127
127
127
128
127
127
128
127
127
4
0
228
50
69
248
54
0
127
127
128
127
128
127
128
127
128
127
128
128
127
128
127
128
127
128
127
128
127
127
128
127
128
4
0
229
50
94
248
54
0
127
128
127
128
127
128
127
127
127
128
127
127
128
127
128
127
128
127
128
127
128
127
127
128
127
4
0
230
50
119
248
54
0
127
127
127
127
127
127
128
127
128
128
128
127
128
128
127
127
128
128
127
128
128
127
128
127
128
4
0
231
50
144
248
54
0
128
127
127
127
127
128
127
127
128
127
127
127
127
128
127
128
127
127
127
127
127
127
128
127
127
4
0
232
50
169
248
54
0
127
127
128
127
127
127
128
126
128
127
127
128
127
128
128
127
128
128
127
127
128
127
127
128
127
4
0
233
50
194
248
54
0
128
127
128
127
127
127
128
127
128
127
128
127
128
127
128
127
128
127
127
128
127
127
127
128
128
4
0
234
50
219
248
54
0
128
128
127
127
128
127
128
128
127
128
127
127
128
128
127
128
127
127
128
128
127
128
127
128
127
4
0
235
50
244
248
54
0
127
127
128
128
127
128
127
128
128
127
127
128
128
128
127
128
128
127
128
127
127
127
128
127
128
4
0
236
50
13
249
54
0
127
128
127
127
128
127
128
127
128
128
127
127
128
127
127
127
128
128
127
127
128
127
127
127
127
4
0
237
50
38
249
54
0
127
127
127
128
127
127
127
127
128
127
128
127
128
127
128
127
127
127
127
127
128
127
127
127
128
4
0
238
50
63
249
54
0
127
128
127
128
127
128
127
127
127
128
127
127
128
128
127
127
128
127
128
127
128
128
127
127
127
4
0
239
50
88
249
54
0
128
127
128
127
128
127
127
127
127
128
127
127
127
127
127
127
128
127
127
128
128
128
127
128
127
4
0
240
50
113
249
54
0
128
127
127
128
127
127
128
127
128
127
127
127
127
128
127
128
127
128
128
127
128
127
128
127
128
4
0
241
50
138
249
54
0
128
127
128
127
128
127
127
128
127
127
128
127
127
128
127
127
128
127
127
128
127
127
128
128
127
4
0
242
50
163
249
54
0
128
127
127
127
127
127
128
127
128
127
128
128
127
128
128
127
127
127
128
127
127
128
127
128
127
4
0
243
50
188
249
54
0
128
127
127
127
127
128
127
127
127
128
127
127
127
127
128
127
128
127
128
127
128
127
128
127
128
4
0
244
50
213
249
54
0
127
127
128
128
128
127
128
127
128
127
127
128
127
128
128
127
128
127
127
127
128
127
127
127
127
4
0
245
50
238
249
54
0
128
127
128
127
127
128
127
127
127
128
127
127
127
127
127
127
127
127
127
128
128
128
127
128
127
4
0
246
50
7
250
54
0
127
127
127
127
127
128
127
128
128
127
128
128
127
128
127
127
128
127
128
128
127
127
128
128
127
4
0
247
50
32
250
54
0
127
127
127
127
127
128
128
127
127
127
127
128
127
128
127
128
127
128
127
127
127
127
127
127
127
4
0
248
50
57
250
54
0
127
127
128
127
127
128
128
127
128
127
127
127
127
128
127
128
127
127
128
127
127
128
127
128
127
4
0
249
50
82
250
54
0
127
127
128
128
127
128
127
128
127
127
128
128
128
127
128
127
128
127
128
127
128
127
127
128
127
4
0
250
50
107
250
54
0
127
128
127
128
127
127
128
127
128
127
128
127
127
127
128
127
127
128
127
127
128
127
128
127
128
4
0
251
50
132
250
54
0
127
127
128
127
128
127
128
127
127
128
127
127
127
128
127
128
127
127
128
127
127
127
128
127
127
4
0
252
50
157
250
54
0
127
128
127
128
127
128
127
127
128
127
127
127
127
128
128
128
127
128
127
128
127
127
128
127
128
4
0
253
50
182
250
54
0
127
127
128
127
128
128
127
128
127
127
127
127
127
127
127
127
127
127
127
127
127
127
127
127
128
4
0
254
50
207
250
54
0
127
127
128
127
127
127
127
128
127
127
128
128
128
127
128
128
128
127
127
127
128
128
127
128
128
4
0
255
50
232
250
54
0
127
128
127
128
128
127
127
127
127
127
127
128
127
127
127
127
127
127
128
127
128
128
128
127
128
4
0
0
51
1
251
54
0
127
127
127
127
128
127
128
127
128
127
128
128
128
127
127
128
127
128
128
127
128
128
127
128
127
4
0
1
51
26
251
54
0
127
127
127
127
127
127
127
127
128
127
128
128
127
127
128
127
127
127
128
127
128
127
128
127
128
4
0
2
51
51
251
54
0
127
128
127
128
127
128
127
128
127
128
127
128
127
128
127
128
127
128
127
127
128
128
127
128
128
4
0
3
51
76
251
54
0
128
127
127
128
127
128
127
128
127
128
127
127
127
127
128
128
127
127
127
128
127
127
128
127
127
4
0
4
51
101
251
54
0
128
127
127
127
127
128
127
127
128
127
127
128
127
127
127
128
127
127
128
127
128
128
127
128
127
4
0
5
51
126
251
54
0
128
127
128
127
127
127
128
127
127
128
127
127
127
128
127
127
127
128
127
128
127
128
127
128
127
4
0
6
51
151
251
54
0
128
127
127
128
127
127
128
128
127
127
127
128
127
127
127
127
128
127
128
127
127
128
127
128
127
4
0
7
51
176
251
54
0
128
127
127
128
127
127
127
128
128
127
127
127
127
127
127
128
127
128
127
128
127
127
127
127
128
4
0
8
51
201
251
54
0
127
128
127
128
127
128
127
128
127
128
127
128
127
127
128
127
127
127
128
127
128
128
127
128
128
4
0
9
51
226
251
54
0
128
127
128
127
128
127
128
127
128
127
128
128
127
127
128
127
127
127
128
127
128
128
127
128
127
4
0
10
51
251
251
54
0
128
127
127
127
128
127
127
127
127
128
127
127
128
127
127
127
127
128
127
127
127
127
127
127
128
4
0
11
51
20
252
54
0
127
127
127
128
128
127
127
128
127
128
127
127
127
127
127
128
128
128
127
128
128
128
127
127
127
4
0
12
51
45
252
54
0
127
127
128
127
128
127
127
127
127
127
127
128
127
128
128
127
128
127
127
128
127
127
128
127
128
4
0
13
51
70
252
54
0
127
128
128
128
127
127
127
128
127
128
127
127
128
127
127
127
127
127
128
127
127
127
127
128
127
4
0
14
51
95
252
54
0
128
127
128
128
127
128
127
127
128
127
127
127
128
127
128
127
127
128
127
128
127
127
127
128
127
4
0
15
51
120
252
54
0
127
127
128
127
127
128
127
127
127
128
127
127
128
127
128
127
127
128
127
128
127
128
127
128
127
4
0
16
51
145
252
54
0
128
128
127
127
128
128
127
128
127
128
127
127
128
128
127
127
128
127
128
128
128
127
128
127
128
4
0
17
51
170
252
54
0
127
127
127
128
127
128
127
127
127
127
127
128
127
127
127
128
127
127
127
128
127
128
127
127
127
4
0
18
51
195
252
54
0
128
127
128
127
128
128
127
127
128
127
128
128
128
127
128
127
127
128
127
128
127
127
128
127
128
4
0
19
51
220
252
54
0
128
127
128
127
128
127
127
127
127
128
128
128
127
128
127
128
127
127
127
128
127
127
127
128
127
4
0
20
51
245
252
54
0
128
127
128
128
127
128
127
128
127
127
128
128
128
127
128
127
127
127
127
128
127
127
128
127
128
4
0
21
51
14
253
54
0
127
128
128
127
127
127
128
127
127
127
128
127
127
127
127
127
128
127
128
127
128
127
128
127
128
4
0
22
51
39
253
54
0
128
127
128
127
127
127
128
127
128
128
127
127
128
128
128
127
127
128
127
127
127
127
128
127
128
4
0
23
51
64
253
54
0
127
127
127
128
128
127
127
127
128
127
128
128
127
127
128
127
127
127
128
127
127
127
127
128
127
4
0
24
51
89
253
54
0
127
128
127
127
128
127
128
128
127
128
127
127
127
128
128
128
128
127
127
128
127
128
128
127
128
4
0
25
51
114
253
54
0
127
128
127
128
127
128
128
127
127
127
128
127
127
127
127
128
128
127
128
128
127
128
127
128
127
4
0
26
51
139
253
54
0
128
128
127
128
127
127
128
128
127
128
127
127
127
128
127
127
127
128
127
128
127
127
128
127
127
4
0
27
51
164
253
54
0
127
127
128
127
127
127
128
127
128
127
128
127
128
128
127
128
127
127
128
127
128
127
128
127
128
4
0
28
51
189
253
54
0
127
128
127
127
128
128
127
128
127
127
127
128
127
127
128
127
128
127
128
127
127
128
127
128
128
4
0
29
51
214
253
54
0
127
127
128
127
128
127
128
127
127
127
128
128
128
128
127
127
127
127
127
127
127
128
127
127
127
4
0
30
51
239
253
54
0
128
127
128
127
128
128
127
128
127
128
128
127
127
128
127
127
127
128
128
127
128
128
128
127
128
4
0
31
51
8
254
54
0
127
128
127
127
128
128
127
128
127
128
127
127
127
127
128
127
127
128
128
127
127
127
128
127
128
4
0
32
51
33
254
54
0
127
127
128
127
127
128
127
128
127
128
127
127
128
127
127
127
127
128
128
127
127
127
127
128
127
4
0
33
51
58
254
54
0
127
128
127
127
128
127
128
127
127
127
128
127
128
128
128
128
127
127
127
128
128
128
127
128
127
4
0
34
51
83
254
54
0
128
128
127
127
128
127
127
128
128
127
128
127
128
127
128
127
128
127
127
127
127
128
127
128
127
4
0
35
51
108
254
54
0
127
128
127
128
128
127
127
127
127
127
127
128
127
127
127
128
127
128
127
128
127
128
127
127
127
4
0
36
51
133
254
54
0
128
127
128
128
127
127
128
127
128
127
127
127
128
128
127
128
127
128
127
127
128
128
127
127
127
4
0
37
51
158
254
54
0
127
128
127
127
127
128
127
127
127
127
127
128
127
128
127
128
128
127
128
127
128
128
127
128
127
4
0
38
51
183
254
54
0
128
127
128
127
127
127
128
127
127
127
127
128
127
127
127
127
128
128
127
127
127
127
128
128
128
4
0
39
51
208
254
54
0
127
128
127
128
128
127
127
128
127
128
127
127
127
128
127
127
127
127
127
127
128
127
127
128
127
4
0
40
51
233
254
54
0
128
128
127
127
128
127
127
128
127
128
128
128
127
127
127
127
128
127
127
127
128
128
127
128
128
4
0
41
51
2
255
54
0
128
128
127
127
128
127
127
127
128
127
127
127
128
128
127
128
127
127
127
127
127
127
128
127
128
4
0
42
51
27
255
54
0
127
128
127
127
128
127
128
128
127
128
127
127
127
128
127
127
128
127
128
127
128
127
127
128
127
4
0
43
51
52
255
54
0
128
127
127
128
127
128
127
128
127
127
127
127
127
128
128
127
128
127
127
127
127
127
127
128
128
4
0
44
51
77
255
54
0
127
128
127
128
127
128
127
127
127
127
128
127
127
127
127
127
128
127
127
127
127
127
128
127
128
4
0
45
51
102
255
54
0
128
127
128
127
127
128
127
128
127
128
127
127
127
127
127
127
127
127
128
127
127
127
127
128
127
4
0
46
51
127
255
54
0
127
127
127
127
128
128
127
128
127
128
127
128
128
128
127
127
128
127
128
127
127
127
127
128
127
4
0
47
51
152
255
54
0
128
128
127
127
127
127
128
127
128
128
127
128
127
127
128
127
127
128
127
128
127
128
127
127
128
4
0
48
51
177
255
54
0
127
128
128
127
127
127
128
127
128
127
128
127
128
127
127
127
127
127
127
127
128
128
127
127
128
4
0
49
51
202
255
54
0
127
128
127
127
127
127
128
128
128
127
127
127
128
127
127
128
127
128
128
128
127
127
128
127
128
4
0
50
51
227
255
54
0
127
128
127
128
127
128
128
127
128
127
128
128
127
128
127
127
128
127
128
127
128
128
127
128
127
4
0
51
51
252
255
54
0
128
127
128
127
127
127
127
127
127
127
127
127
127
128
127
127
127
127
127
128
127
127
128
127
128
4
0
52
51
21
0
55
0
127
127
127
127
127
127
128
127
128
127
127
128
127
127
128
127
127
127
127
127
127
127
128
127
128
4
0
53
51
46
0
55
0
127
127
127
128
127
128
127
128
127
128
127
128
128
128
127
128
127
127
128
127
127
127
127
127
128
4
0
54
51
71
0
55
0
128
127
128
127
127
128
127
128
127
127
128
128
127
127
128
127
127
128
127
128
127
128
128
128
127
4
0
55
51
96
0
55
0
128
127
127
127
128
127
128
127
127
127
127
127
128
127
128
128
127
127
127
128
127
127
127
128
127
4
0
56
51
121
0
55
0
128
127
128
127
127
128
127
128
127
128
127
127
127
128
127
127
128
128
127
128
127
127
128
127
127
4
0
57
51
146
0
55
0
128
127
127
128
128
127
128
127
127
127
127
127
127
127
127
128
127
127
127
128
128
128
128
127
127
4
0
58
51
171
0
55
0
128
127
128
127
128
127
127
128
127
127
127
127
127
127
127
127
127
128
127
127
128
128
128
127
128
