 16
0
141
46
198
139
54
0
128
127
128
128
128
127
128
128
127
128
128
127
128
128
127
127
128
128
127
127
128
128
127
127
128
224
139
54
0
84
7
146
84
16
0
142
46
223
139
54
0
128
127
128
128
127
128
128
127
127
128
128
127
128
128
127
127
128
128
127
127
128
128
128
127
127
249
139
54
0
99
7
118
45
16
0
172
46
205
142
54
0
128
128
127
128
127
128
128
128
128
127
127
128
128
128
127
128
128
128
128
127
128
128
127
127
128
231
142
54
0
77
7
32
24
16
0
173
46
230
142
54
0
128
128
128
128
128
127
128
128
127
128
128
127
127
128
128
128
127
127
128
128
127
127
128
128
127
0
143
54
0
136
7
4
113
16
0
174
46
255
142
54
0
127
128
127
128
127
128
127
127
127
128
128
128
127
128
128
127
128
128
127
128
128
128
127
127
128
25
143
54
0
108
7
232
73
16
0
175
46
24
143
54
0
128
128
127
128
128
127
128
128
127
128
128
128
127
128
128
128
128
128
128
127
128
128
128
127
128
50
143
54
0
99
7
204
34
16
0
176
46
49
143
54
0
128
127
128
127
128
127
128
128
128
127
129
128
128
127
128
128
128
127
128
127
128
128
128
127
128
75
143
54
0
99
7
174
123
16
0
177
46
74
143
54
0
128
128
127
128
128
127
128
128
128
127
128
127
128
128
127
127
128
128
128
127
127
127
128
128
127
100
143
54
0
100
7
146
84
16
0
178
46
99
143
54
0
127
128
127
128
128
128
128
128
127
127
128
128
127
128
128
128
127
127
128
127
127
128
128
128
128
125
143
54
0
72
7
118
45
16
0
179
46
124
143
54
0
127
127
127
128
127
128
128
127
127
128
128
128
128
128
128
127
128
128
128
127
128
128
127
127
128
150
143
54
0
128
7
90
6
16
0
180
46
149
143
54
0
128
128
127
128
128
127
127
128
128
127
127
128
127
127
128
128
127
127
128
128
127
127
128
128
128
175
143
54
0
77
7
62
95
16
0
181
46
174
143
54
0
128
128
127
128
128
127
128
127
128
128
127
127
127
128
128
127
127
127
128
127
127
128
128
127
127
200
143
54
0
81
7
32
56
16
0
182
46
199
143
54
0
128
128
128
128
127
128
127
127
128
128
128
127
128
128
128
127
127
128
128
127
127
128
128
127
127
225
143
54
0
101
7
4
17
16
0
183
46
224
143
54
0
128
128
127
128
128
128
128
128
128
128
128
127
127
127
128
128
127
127
127
128
128
127
128
128
128
250
143
54
0
102
7
232
105
16
0
184
46
249
143
54
0
127
128
128
128
128
127
128
128
127
127
128
128
127
128
128
127
128
128
128
127
127
128
128
127
127
19
144
54
0
99
7
204
66
16
0
185
46
18
144
54
0
128
128
127
128
128
127
128
128
127
128
128
128
128
127
128
128
128
128
127
127
128
128
127
128
128
44
144
54
0
103
7
174
27
16
0
186
46
43
144
54
0
127
128
128
127
127
128
127
128
128
128
127
128
128
127
128
128
128
127
127
128
128
127
128
128
127
69
144
54
0
70
7
146
116
16
0
187
46
68
144
54
0
127
128
128
128
128
128
128
127
128
128
127
127
128
127
127
127
128
128
128
127
128
128
128
127
127
94
144
54
0
74
7
118
77
16
0
188
46
93
144
54
0
127
128
127
128
128
127
128
128
128
127
128
128
127
128
128
128
127
128
128
127
127
128
128
127
127
119
144
54
0
77
7
90
38
16
0
189
46
118
144
54
0
128
128
127
127
128
127
127
128
128
128
127
128
128
128
127
127
128
127
128
128
127
127
128
128
128
144
144
54
0
81
7
60
127
16
0
190
46
143
144
54
0
127
128
127
128
128
128
128
128
127
127
128
128
127
128
128
128
127
127
128
128
127
128
128
128
127
169
144
54
0
103
7
32
88
16
0
191
46
168
144
54
0
128
128
127
128
128
127
127
128
128
128
127
128
128
128
127
127
128
128
127
127
128
128
128
127
128
194
144
54
0
105
7
4
49
16
0
192
46
193
144
54
0
128
127
128
128
127
128
127
128
128
128
127
127
128
128
127
128
128
127
127
128
127
127
128
128
127
219
144
54
0
100
7
232
9
16
0
193
46
218
144
54
0
127
128
128
127
128
128
127
128
128
128
127
127
128
128
128
127
128
128
128
127
127
128
127
128
128
244
144
54
0
104
7
204
98
16
0
194
46
243
144
54
0
128
127
128
128
127
128
128
127
127
128
128
127
128
128
127
127
128
128
127
128
128
128
127
127
128
13
145
54
0
69
7
174
59
16
0
195
46
12
145
54
0
128
128
127
127
128
127
128
128
127
128
128
127
127
128
128
127
128
128
128
128
127
127
128
127
127
38
145
54
0
74
7
146
20
16
0
196
46
37
145
54
0
128
128
127
128
127
127
128
128
127
127
128
128
128
127
127
128
128
127
128
128
127
128
128
127
128
63
145
54
0
77
7
118
109
16
0
197
46
62
145
54
0
128
128
128
128
127
128
128
127
127
128
127
128
128
128
127
128
128
128
127
127
128
128
127
128
128
88
145
54
0
81
7
90
70
16
0
198
46
87
145
54
0
128
128
128
128
127
128
128
127
127
128
128
127
127
128
128
127
127
128
128
127
128
128
128
127
127
113
145
54
0
101
7
60
31
16
0
199
46
112
145
54
0
128
128
127
128
127
128
128
127
128
128
127
127
128
128
127
128
128
128
127
128
128
127
127
128
127
138
145
54
0
103
7
32
120
16
0
200
46
137
145
54
0
127
128
128
127
128
128
127
128
128
127
128
128
127
128
128
128
127
128
128
127
128
128
127
127
128
163
145
54
0
104
7
4
81
16
0
201
46
162
145
54
0
127
127
128
128
127
128
127
128
128
128
128
127
128
128
127
128
128
128
127
128
128
127
127
128
128
188
145
54
0
101
7
232
41
16
0
202
46
187
145
54
0
127
128
128
127
128
127
127
128
128
127
127
128
128
127
128
128
127
127
127
128
128
127
129
128
128
213
145
54
0
69
7
204
2
16
0
203
46
212
145
54
0
127
128
128
127
128
128
127
127
128
128
127
128
128
127
127
128
127
128
128
128
128
128
127
127
127
238
145
54
0
129
7
174
91
16
0
204
46
237
145
54
0
128
128
127
128
128
127
128
128
127
128
128
127
128
128
128
127
128
128
128
127
128
128
127
127
128
7
146
54
0
79
7
146
52
16
0
205
46
6
146
54
0
128
128
128
128
127
128
128
127
127
128
127
127
128
128
128
127
128
128
128
128
127
128
128
128
128
32
146
54
0
82
7
118
13
16
0
206
46
31
146
54
0
127
128
128
127
128
127
128
128
127
127
128
128
127
128
128
128
127
127
128
128
128
127
127
128
128
57
146
54
0
101
7
90
102
16
0
207
46
56
146
54
0
128
128
128
128
127
128
128
128
127
128
128
128
127
127
128
128
127
128
128
127
127
128
128
127
128
82
146
54
0
100
7
60
63
16
0
208
46
81
146
54
0
128
128
127
128
127
128
128
127
127
128
128
128
127
127
128
128
128
127
127
128
128
128
128
127
128
107
146
54
0
101
7
32
24
16
0
209
46
106
146
54
0
128
127
128
128
127
128
127
127
128
128
127
128
128
128
127
128
128
127
127
128
128
128
127
128
128
132
146
54
0
101
7
4
113
16
0
210
46
131
146
54
0
127
128
128
127
128
127
128
128
128
127
127
128
128
127
128
128
127
127
128
128
128
127
128
128
127
157
146
54
0
70
7
232
73
16
0
211
46
156
146
54
0
128
128
127
128
127
128
128
127
128
128
128
128
128
127
127
128
128
128
127
128
128
127
128
128
128
182
146
54
0
75
7
204
34
16
0
212
46
181
146
54
0
128
127
128
127
128
128
128
127
128
127
127
128
127
128
128
128
128
127
127
128
128
127
128
128
127
207
146
54
0
79
7
174
123
16
0
213
46
206
146
54
0
127
128
128
127
128
128
127
128
128
128
127
128
128
127
127
128
127
127
128
128
127
127
128
128
128
232
146
54
0
82
7
146
84
16
0
214
46
231
146
54
0
128
128
128
127
128
128
127
128
128
128
127
128
128
128
127
128
128
128
127
127
128
128
128
127
128
1
147
54
0
101
7
118
45
16
0
215
46
0
147
54
0
128
128
128
127
128
127
129
128
127
127
128
127
127
128
128
128
127
127
128
128
127
128
128
127
127
26
147
54
0
136
7
90
6
16
0
216
46
25
147
54
0
128
128
128
128
127
128
128
127
127
128
128
128
127
128
128
128
127
127
128
128
127
128
128
128
127
51
147
54
0
111
7
60
95
16
0
217
46
50
147
54
0
128
128
127
128
128
128
128
127
127
128
128
127
127
128
128
127
128
128
128
128
127
128
127
127
128
76
147
54
0
104
7
32
56
16
0
218
46
75
147
54
0
128
128
127
128
127
128
128
127
128
128
127
128
128
128
127
127
127
128
128
127
127
128
128
128
127
101
147
54
0
69
7
4
17
16
0
219
46
100
147
54
0
127
128
128
127
128
128
128
127
128
128
127
127
128
128
128
127
127
128
128
127
128
128
127
127
128
126
147
54
0
73
7
232
105
16
0
220
46
125
147
54
0
128
128
128
128
128
128
128
127
128
128
128
128
127
127
127
128
128
128
127
128
128
128
127
127
127
151
147
54
0
78
7
204
66
16
0
221
46
150
147
54
0
128
128
127
127
127
128
128
128
127
128
128
127
128
128
127
127
128
128
128
127
128
128
127
128
128
176
147
54
0
81
7
174
27
16
0
222
46
175
147
54
0
127
128
128
127
128
127
127
128
128
127
127
128
128
128
127
127
128
127
127
127
128
128
128
127
127
201
147
54
0
101
7
146
116
16
0
223
46
200
147
54
0
128
127
128
128
127
128
127
127
128
128
128
127
128
128
127
127
128
128
128
127
128
128
128
127
128
226
147
54
0
102
7
118
77
16
0
224
46
225
147
54
0
128
128
128
128
127
128
127
128
128
127
127
128
128
127
127
128
128
128
128
127
128
128
128
128
127
251
147
54
0
104
7
90
38
16
0
225
46
250
147
54
0
128
128
127
128
127
128
127
127
128
128
127
127
128
128
128
128
127
127
127
128
128
127
127
128
128
20
148
54
0
105
7
60
127
16
0
226
46
19
148
54
0
127
128
128
127
128
127
128
128
127
127
128
128
127
128
128
128
128
128
128
127
127
128
128
127
128
45
148
54
0
69
7
32
88
16
0
227
46
44
148
54
0
128
128
127
128
127
128
128
127
127
128
128
127
127
128
128
128
127
127
127
128
128
128
127
127
128
70
148
54
0
128
7
4
49
16
0
228
46
69
148
54
0
127
128
128
127
128
128
128
128
128
128
128
128
127
127
128
128
127
127
128
128
127
128
128
128
127
95
148
54
0
112
7
232
9
16
0
229
46
94
148
54
0
128
128
127
128
128
128
128
127
127
127
128
128
127
128
128
127
127
127
128
127
128
128
128
127
127
120
148
54
0
82
7
204
98
16
0
230
46
119
148
54
0
128
128
127
128
127
128
128
127
127
128
128
127
127
128
128
128
128
128
128
128
127
128
128
128
127
145
148
54
0
103
7
174
59
16
0
231
46
144
148
54
0
128
128
128
128
128
128
127
128
128
128
127
128
128
128
127
128
128
127
127
128
128
128
127
128
128
170
148
54
0
104
7
146
20
16
0
232
46
169
148
54
0
127
129
128
127
128
127
128
128
127
127
127
128
127
127
128
128
127
128
127
128
128
127
128
128
127
195
148
54
0
103
7
118
109
16
0
233
46
194
148
54
0
127
128
128
127
128
128
127
127
128
128
128
127
128
128
127
127
128
128
128
128
127
128
127
127
128
220
148
54
0
120
7
90
70
16
0
234
46
219
148
54
0
128
127
128
127
128
127
127
127
128
128
128
127
128
128
127
127
128
128
127
128
128
127
127
128
128
245
148
54
0
108
7
60
31
16
0
235
46
244
148
54
0
128
128
127
128
127
128
128
127
127
128
128
127
127
128
128
127
128
128
128
127
127
128
128
127
127
14
149
54
0
75
7
32
120
16
0
236
46
13
149
54
0
128
128
128
127
128
127
127
128
128
127
127
128
128
128
127
128
128
128
127
128
128
127
128
128
127
39
149
54
0
80
7
4
81
16
0
237
46
38
149
54
0
127
128
127
128
127
128
128
127
127
128
128
128
127
128
128
128
127
128
128
127
127
128
128
127
127
64
149
54
0
84
7
232
41
16
0
238
46
63
149
54
0
128
128
128
127
128
127
127
128
128
127
128
128
128
127
128
128
128
127
127
128
128
128
127
128
128
89
149
54
0
96
7
204
2
16
0
239
46
88
149
54
0
127
127
128
127
128
128
127
128
128
127
127
128
128
127
127
128
127
127
127
127
128
128
127
127
128
114
149
54
0
137
7
174
91
16
0
240
46
113
149
54
0
128
128
128
127
128
127
128
128
127
127
128
128
127
127
128
128
127
128
128
127
128
128
128
127
127
139
149
54
0
108
7
146
52
16
0
241
46
138
149
54
0
128
128
127
128
127
128
127
127
127
128
128
128
127
128
128
127
127
127
128
128
128
127
128
128
128
164
149
54
0
100
7
118
13
16
0
242
46
163
149
54
0
127
128
128
127
128
127
128
128
127
127
128
128
127
128
128
128
128
127
127
128
128
127
127
128
128
189
149
54
0
70
7
90
102
16
0
243
46
188
149
54
0
128
127
128
127
128
128
127
127
128
127
127
128
128
127
128
128
128
127
127
128
128
127
128
128
128
214
149
54
0
74
7
60
63
16
0
244
46
213
149
54
0
127
127
128
128
127
128
128
127
128
128
128
127
128
128
127
127
128
128
128
127
128
128
127
127
127
239
149
54
0
78
7
32
24
16
0
245
46
238
149
54
0
128
128
127
128
128
127
128
127
127
127
128
127
127
127
128
128
127
127
128
128
127
127
128
128
127
8
150
54
0
135
7
4
113
16
0
246
46
7
150
54
0
128
128
127
128
128
128
128
128
128
128
128
128
128
127
127
128
128
128
128
128
127
128
127
127
127
33
150
54
0
108
7
232
73
16
0
247
46
32
150
54
0
128
127
128
128
128
128
127
127
128
127
128
128
128
128
127
128
128
128
128
127
127
128
127
128
128
58
150
54
0
99
7
204
34
16
0
248
46
57
150
54
0
128
127
128
127
128
127
128
128
127
127
128
128
128
127
128
128
127
127
128
128
127
127
128
128
127
83
150
54
0
100
7
174
123
16
0
249
46
82
150
54
0
127
128
128
128
128
128
128
127
127
128
127
128
128
128
127
127
128
127
128
128
127
127
128
127
127
108
150
54
0
105
7
146
84
16
0
250
46
107
150
54
0
128
128
128
127
128
128
127
127
128
128
128
127
127
128
128
127
127
128
128
127
127
128
128
127
128
133
150
54
0
70
7
118
45
16
0
251
46
132
150
54
0
128
128
128
128
127
127
127
128
128
128
127
127
128
128
128
128
127
127
128
127
127
128
128
128
127
158
150
54
0
128
7
90
6
16
0
252
46
157
150
54
0
128
128
128
127
128
128
127
128
128
128
127
128
128
128
127
128
128
128
128
127
128
128
128
127
128
183
150
54
0
111
7
60
95
16
0
253
46
182
150
54
0
128
127
127
128
127
128
128
127
128
128
127
128
128
127
128
128
128
127
128
128
127
128
128
128
128
208
150
54
0
82
7
32
56
16
0
254
46
207
150
54
0
127
128
127
129
128
127
128
128
128
127
128
128
128
127
127
128
128
127
127
128
128
127
128
128
127
233
150
54
0
104
7
4
17
16
0
255
46
232
150
54
0
128
128
127
128
128
128
128
128
127
128
128
128
127
128
128
128
127
127
128
128
127
128
128
127
127
2
151
54
0
104
7
232
105
16
0
0
47
1
151
54
0
128
127
128
127
128
128
127
128
128
127
127
127
128
128
127
127
128
128
128
127
128
128
128
127
128
27
151
54
0
102
7
204
66
16
0
1
47
26
151
54
0
128
128
127
128
128
127
128
128
127
128
128
128
127
128
128
128
127
127
128
128
128
127
127
128
128
52
151
54
0
104
7
174
27
16
0
2
47
51
151
54
0
127
128
127
128
128
128
128
127
127
128
128
127
127
128
128
128
127
127
128
128
127
127
128
128
127
77
151
54
0
70
7
146
116
16
0
3
47
76
151
54
0
128
128
128
127
128
128
127
128
128
128
127
127
128
128
128
127
128
127
128
128
127
129
128
128
127
102
151
54
0
73
7
118
77
16
0
4
47
101
151
54
0
128
128
127
127
128
127
128
128
128
127
128
128
128
127
128
128
128
128
128
127
127
128
128
127
128
127
151
54
0
77
7
90
38
16
0
5
47
126
151
54
0
128
128
127
128
128
128
127
127
128
128
128
127
127
128
128
128
127
127
128
127
127
127
128
128
127
152
151
54
0
82
7
60
127
16
0
6
47
151
151
54
0
128
128
127
128
128
128
128
128
128
127
127
127
128
127
128
128
128
127
128
127
128
128
128
127
127
177
151
54
0
98
7
32
88
