 68
0
141
46
224
139
54
0
84
7
250
244
54
0
189
3
68
0
142
46
249
139
54
0
99
7
19
245
54
0
205
3
68
0
172
46
231
142
54
0
77
7
1
248
54
0
177
3
68
0
173
46
0
143
54
0
136
7
26
248
54
0
235
3
68
0
174
46
25
143
54
0
108
7
51
248
54
0
207
3
68
0
175
46
50
143
54
0
99
7
76
248
54
0
197
3
68
0
176
46
75
143
54
0
99
7
101
248
54
0
198
3
68
0
177
46
100
143
54
0
100
7
126
248
54
0
199
3
68
0
178
46
125
143
54
0
72
7
151
248
54
0
170
3
68
0
179
46
150
143
54
0
128
7
176
248
54
0
226
3
68
0
180
46
175
143
54
0
77
7
201
248
54
0
175
3
68
0
181
46
200
143
54
0
81
7
226
248
54
0
179
3
68
0
182
46
225
143
54
0
101
7
251
248
54
0
198
3
68
0
183
46
250
143
54
0
102
7
20
249
54
0
198
3
68
0
184
46
19
144
54
0
99
7
45
249
54
0
197
3
68
0
185
46
44
144
54
0
103
7
70
249
54
0
199
3
68
0
186
46
69
144
54
0
70
7
95
249
54
0
167
3
68
0
187
46
94
144
54
0
74
7
120
249
54
0
169
3
68
0
188
46
119
144
54
0
77
7
145
249
54
0
173
3
68
0
189
46
144
144
54
0
81
7
170
249
54
0
177
3
68
0
190
46
169
144
54
0
103
7
195
249
54
0
198
3
68
0
191
46
194
144
54
0
105
7
220
249
54
0
200
3
68
0
192
46
219
144
54
0
100
7
245
249
54
0
195
3
68
0
193
46
244
144
54
0
104
7
14
250
54
0
199
3
68
0
194
46
13
145
54
0
69
7
39
250
54
0
164
3
68
0
195
46
38
145
54
0
74
7
64
250
54
0
168
3
68
0
196
46
63
145
54
0
77
7
89
250
54
0
172
3
68
0
197
46
88
145
54
0
81
7
114
250
54
0
175
3
68
0
198
46
113
145
54
0
101
7
139
250
54
0
195
3
68
0
199
46
138
145
54
0
103
7
164
250
54
0
197
3
68
0
200
46
163
145
54
0
104
7
189
250
54
0
197
3
68
0
201
46
188
145
54
0
101
7
214
250
54
0
195
3
68
0
202
46
213
145
54
0
69
7
239
250
54
0
162
3
68
0
203
46
238
145
54
0
129
7
8
251
54
0
222
3
68
0
204
46
7
146
54
0
79
7
33
251
54
0
172
3
68
0
205
46
32
146
54
0
82
7
58
251
54
0
175
3
68
0
206
46
57
146
54
0
101
7
83
251
54
0
194
3
68
0
207
46
82
146
54
0
100
7
108
251
54
0
192
3
68
0
208
46
107
146
54
0
101
7
133
251
54
0
193
3
68
0
209
46
132
146
54
0
101
7
158
251
54
0
194
3
68
0
210
46
157
146
54
0
70
7
183
251
54
0
161
3
68
0
211
46
182
146
54
0
75
7
208
251
54
0
167
3
68
0
212
46
207
146
54
0
79
7
233
251
54
0
169
3
68
0
213
46
232
146
54
0
82
7
2
252
54
0
173
3
68
0
214
46
1
147
54
0
101
7
27
252
54
0
193
3
68
0
215
46
26
147
54
0
136
7
52
252
54
0
226
3
68
0
216
46
51
147
54
0
111
7
77
252
54
0
201
3
68
0
217
46
76
147
54
0
104
7
102
252
54
0
194
3
68
0
218
46
101
147
54
0
69
7
127
252
54
0
159
3
68
0
219
46
126
147
54
0
73
7
152
252
54
0
162
3
68
0
220
46
151
147
54
0
78
7
177
252
54
0
167
3
68
0
221
46
176
147
54
0
81
7
202
252
54
0
171
3
68
0
222
46
201
147
54
0
101
7
227
252
54
0
190
3
68
0
223
46
226
147
54
0
102
7
252
252
54
0
191
3
68
0
224
46
251
147
54
0
104
7
21
253
54
0
192
3
68
0
225
46
20
148
54
0
105
7
46
253
54
0
193
3
68
0
226
46
45
148
54
0
69
7
71
253
54
0
158
3
68
0
227
46
70
148
54
0
128
7
96
253
54
0
216
3
68
0
228
46
95
148
54
0
112
7
121
253
54
0
200
3
68
0
229
46
120
148
54
0
82
7
146
253
54
0
169
3
68
0
230
46
145
148
54
0
103
7
171
253
54
0
191
3
68
0
231
46
170
148
54
0
104
7
196
253
54
0
192
3
68
0
232
46
195
148
54
0
103
7
221
253
54
0
190
3
68
0
233
46
220
148
54
0
120
7
246
253
54
0
207
3
68
0
234
46
245
148
54
0
108
7
15
254
54
0
195
3
68
0
235
46
14
149
54
0
75
7
40
254
54
0
162
3
68
0
236
46
39
149
54
0
80
7
65
254
54
0
166
3
68
0
237
46
64
149
54
0
84
7
90
254
54
0
170
3
68
0
238
46
89
149
54
0
96
7
115
254
54
0
183
3
68
0
239
46
114
149
54
0
137
7
140
254
54
0
223
3
68
0
240
46
139
149
54
0
108
7
165
254
54
0
193
3
68
0
241
46
164
149
54
0
100
7
190
254
54
0
186
3
68
0
242
46
189
149
54
0
70
7
215
254
54
0
155
3
68
0
243
46
214
149
54
0
74
7
240
254
54
0
159
3
68
0
244
46
239
149
54
0
78
7
9
255
54
0
162
3
68
0
245
46
8
150
54
0
135
7
34
255
54
0
219
3
68
0
246
46
33
150
54
0
108
7
59
255
54
0
194
3
68
0
247
46
58
150
54
0
99
7
84
255
54
0
183
3
68
0
248
46
83
150
54
0
100
7
109
255
54
0
184
3
68
0
249
46
108
150
54
0
105
7
134
255
54
0
188
3
68
0
250
46
133
150
54
0
70
7
159
255
54
0
154
3
68
0
251
46
158
150
54
0
128
7
184
255
54
0
211
3
68
0
252
46
183
150
54
0
111
7
209
255
54
0
194
3
68
0
253
46
208
150
54
0
82
7
234
255
54
0
165
3
68
0
254
46
233
150
54
0
104
7
3
0
55
0
186
3
68
0
255
46
2
151
54
0
104
7
28
0
55
0
187
3
68
0
0
47
27
151
54
0
102
7
53
0
55
0
184
3
68
0
1
47
52
151
54
0
104
7
78
0
55
0
186
3
68
0
2
47
77
151
54
0
70
7
103
0
55
0
152
3
68
0
3
47
102
151
54
0
73
7
128
0
55
0
155
3
68
0
4
47
127
151
54
0
77
7
153
0
55
0
159
3
68
0
5
47
152
151
54
0
82
7
178
0
55
0
163
3
68
0
6
47
177
151
54
0
98
7
203
0
55
0
179
3
