6287.867244750 6272.929547125
6287.881134375 6272.943436875
6287.895022625 6272.957325125
6287.908909250 6272.971211750
6287.922796750 6272.985099250
6287.936685125 6272.998987625
6287.950567875 6273.012870500
6287.964458250 6273.026760875
6287.978343500 6273.040646125
6287.992234375 6273.054537000
6288.006121000 6273.068423750
6288.020003750 6273.082306500
6288.033896750 6273.096199375
6288.047779500 6273.110082375
6288.061672500 6273.123975375
6288.075555375 6273.137858375
6288.089446250 6273.151749000
6288.103334000 6273.165637000
6288.117220750 6273.179523750
6288.131108375 6273.193411500
6288.144997875 6273.207300875
6288.158885625 6273.221188625
6288.172772000 6273.235075125
6288.186657875 6273.248961000
6288.200545750 6273.262849000
6288.214433750 6273.276736875
6288.228321625 6273.290624875
6288.242208750 6273.304512000
6288.256096000 6273.318399250
6288.269983500 6273.332286750
6288.283871500 6273.346174750
6288.297757625 6273.360061000
6288.311645625 6273.373949000
6288.325531625 6273.387835000
6288.339419250 6273.401722625
6288.353309250 6273.415612750
6288.367190750 6273.429494250
6288.381083375 6273.443386750
6288.394966625 6273.457270250
6288.408856125 6273.471159750
6288.422745375 6273.485049125
6288.436633375 6273.498936875
6288.450521000 6273.512824750
6288.464408750 6273.526712375
6288.478297000 6273.540600875
6288.492178375 6273.554482125
6288.506072125 6273.568375875
6288.519957000 6273.582260875
6288.533845125 6273.596149000
6288.547731750 6273.610035625
6288.561619375 6273.623923250
6288.575508875 6273.637812875
6288.589395375 6273.651699375
6288.603284375 6273.665588375
6288.617166375 6273.679470375
6288.631055500 6273.693359500
6288.644943875 6273.707248000
6288.658831250 6273.721135375
6288.672718750 6273.735022875
6288.686608750 6273.748912875
6288.700496000 6273.762800250
6288.714384375 6273.776688625
6288.728271000 6273.790575125
6288.742158500 6273.804462875
6288.756044875 6273.818349125
6288.769931000 6273.832235500
6288.783820625 6273.846125000
6288.797707375 6273.860011875
6288.811595875 6273.873900375
6288.825477875 6273.887782500
6288.839371250 6273.901675750
6288.853256250 6273.915560750
6288.867144250 6273.929448875
6288.881032250 6273.943336875
6288.894918500 6273.957223125
6288.908808125 6273.971112750
6288.922695750 6273.985000500
6288.936583375 6273.998888125
6288.950470875 6274.012775625
6288.964356250 6274.026661000
6288.978241500 6274.040546250
6288.992132000 6274.054436875
6289.006020000 6274.068324750
6289.019901500 6274.082206375
6289.033794875 6274.096099750
6289.047681625 6274.109986625
6289.061570250 6274.123875250
6289.075455750 6274.137760750
6289.089343625 6274.151648750
6289.103231000 6274.165536125
6289.117119625 6274.179424750
6289.131007625 6274.193312750
6289.144895250 6274.207200375
6289.158781500 6274.221086750
6289.172669375 6274.234974750
6289.186555500 6274.248860750
6289.200443500 6274.262748750
6289.214329875 6274.276635250
6289.228219125 6274.290524500
6289.242105250 6274.304410500
6289.255995500 6274.318300875
6289.269877000 6274.332182500
6289.283769250 6274.346074750
6289.297655250 6274.359960750
6289.311546250 6274.373851750
6289.325430625 6274.387736125
6289.339318500 6274.401624125
6289.353205250 6274.415510750
6289.367093875 6274.429399500
6289.380981625 6274.443287250
6289.394864500 6274.457170250
6289.408755375 6274.471061000
6289.422643000 6274.484948625
6289.436531250 6274.498837000
6289.450419250 6274.512725125
6289.464307125 6274.526613000
6289.478195125 6274.540501000
6289.492076250 6274.554382250
6289.505969125 6274.568275125
6289.519854750 6274.582160750
6289.533741500 6274.596047500
6289.547629500 6274.609935500
6289.561517250 6274.623823375
6289.575404625 6274.637710625
6289.589294000 6274.651600125
6289.603181250 6274.665487375
6289.617069750 6274.679376000
6289.630952125 6274.693258375
6289.644842750 6274.707149000
6289.658728875 6274.721035125
6289.672617875 6274.734924125
6289.686504125 6274.748810500
6289.700393625 6274.762700000
6289.714280500 6274.776586875
6289.728168625 6274.790475000
6289.742054250 6274.804360750
6289.755942625 6274.818249000
6289.769830375 6274.832137000
6289.783717750 6274.846024375
6289.797605750 6274.859912375
6289.811491750 6274.873798375
6289.825381375 6274.887688000
6289.839269375 6274.901576125
6289.853154375 6274.915461125
6289.867042250 6274.929349000
6289.880929000 6274.943235750
6289.894816625 6274.957123375
6289.908706250 6274.971013125
6289.922592625 6274.984899375
6289.936481250 6274.998788125
6289.950368875 6275.012675750
6289.964254125 6275.026561125
6289.978139500 6275.040446375
6289.992029875 6275.054336875
6290.005916625 6275.068223625
6290.019804750 6275.082111750
6290.033691875 6275.095998875
6290.047579875 6275.109886875
6290.061468500 6275.123775625
6290.075353875 6275.137661000
6290.089240125 6275.151547250
6290.103129375 6275.165436500
6290.117017625 6275.179324875
6290.130905625 6275.193213000
6290.144793250 6275.207100625
6290.158674750 6275.220982125
6290.172562875 6275.234870250
6290.186453625 6275.248761125
6290.200341750 6275.262649125
6290.214229500 6275.276537000
6290.228115875 6275.290423375
6290.242004500 6275.304312000
6290.255886750 6275.318194375
6290.269779750 6275.332087250
6290.283662625 6275.345970250
6290.297553250 6275.359860875
6290.311444500 6275.373752250
6290.325329250 6275.387636875
6290.339216750 6275.401524500
6290.353104500 6275.415412250
6290.366991250 6275.429299000
6290.380880250 6275.443188000
6290.394767500 6275.457075250
6290.408653000 6275.470960875
6290.422541125 6275.484849000
6290.436428875 6275.498736875
6290.450316875 6275.512624875
6290.464203625 6275.526511750
6290.478092500 6275.540400625
6290.491974125 6275.554282125
6290.505866750 6275.568174875
6290.519752875 6275.582061000
6290.533640875 6275.595949125
6290.547527250 6275.609835375
6290.561416000 6275.623724250
6290.575303375 6275.637611625
6290.589191750 6275.651500125
6290.603079750 6275.665388125
6290.616962000 6275.679270250
6290.630852375 6275.693160750
6290.644737875 6275.707046250
6290.658628375 6275.720936875
6290.672515250 6275.734823625
6290.686402750 6275.748711250
6290.700291250 6275.762599750
6290.714178875 6275.776487375
6290.728066750 6275.790375250
6290.741952250 6275.804260750
6290.755840250 6275.818148875
6290.769728250 6275.832036875
6290.783614875 6275.845923500
6290.797502875 6275.859811500
6290.811391250 6275.873700000
6290.825278500 6275.887587375
6290.839161625 6275.901470375
6290.853051875 6275.915360750
6290.866938750 6275.929247625
6290.880826625 6275.943135625
6290.894715875 6275.957024750
6290.908601875 6275.970910875
6290.922490250 6275.984799250
6290.936377875 6275.998687000
6290.950266375 6276.012575375
6290.964151750 6276.026460750
6290.978037000 6276.040346125
6290.991927750 6276.054236875
6291.005814875 6276.068124000
6291.019702500 6276.082011625
6291.033590000 6276.095899250
6291.047479250 6276.109788500
6291.061361125 6276.123670375
6291.075251500 6276.137560750
6291.089139375 6276.151448750
6291.103027500 6276.165336875
6291.116913750 6276.179223250
6291.130802750 6276.193112250
6291.144690375 6276.206999875
6291.158577500 6276.220887000
6291.172460875 6276.234770500
6291.186350750 6276.248660250
6291.200239125 6276.262548750
6291.214125000 6276.276434625
6291.228014875 6276.290324625
6291.241902250 6276.304211875
6291.255789750 6276.318099500
6291.269677500 6276.331987250
6291.283565500 6276.345875375
6291.297451000 6276.359760750
6291.311339000 6276.373648750
6291.325220375 6276.387530250
6291.339108500 6276.401418375
6291.352996500 6276.415306375
6291.366889125 6276.429199000
6291.380777500 6276.443087500
6291.394660250 6276.456970250
6291.408550875 6276.470860750
6291.422438750 6276.484748750
6291.436326875 6276.498636875
6291.450213250 6276.512523375
6291.464100750 6276.526410875
6291.477989000 6276.540299250
6291.491872250 6276.554182375
6291.505759875 6276.568070250
6291.519650625 6276.581960875
6291.533538625 6276.595848875
6291.547426500 6276.609736875
6291.561313000 6276.623623375
6291.575200625 6276.637511125
6291.589083875 6276.651394125
6291.602976250 6276.665286750
6291.616864875 6276.679175375
6291.630750250 6276.693060875
6291.644640125 6276.706950625
6291.658526375 6276.720836875
6291.672407625 6276.734718250
6291.686301750 6276.748612375
6291.700188375 6276.762499000
6291.714077250 6276.776387875
6291.727959500 6276.790270250
6291.741850125 6276.804160875
6291.755738000 6276.818048750
6291.769626000 6276.831936750
6291.783513750 6276.845824500
6291.797400000 6276.859710875
6291.811288750 6276.873599500
6291.825175500 6276.887486500
6291.839064375 6276.901375250
6291.852950000 6276.915261125
6291.866838125 6276.929149000
6291.880726000 6276.943037000
6291.894613125 6276.956924250
6291.908499375 6276.970810500
6291.922388125 6276.984699250
6291.936275750 6276.998586875
6291.950163375 6277.012474625
6291.964049750 6277.026361000
6291.977935000 6277.040246250
6291.991825625 6277.054136875
6292.005712875 6277.068024125
6292.019600875 6277.081912250
6292.033488500 6277.095799875
6292.047376000 6277.109687375
6292.061264125 6277.123575500
6292.075149625 6277.137461125
6292.089037625 6277.151349125
6292.102925250 6277.165236750
6292.116812000 6277.179123500
6292.130700125 6277.193011625
6292.144588375 6277.206900000
6292.158470875 6277.220782375
6292.172358500 6277.234670125
6292.186248750 6277.248560500
6292.200137125 6277.262449000
6292.214018375 6277.276330125
6292.227913250 6277.290225000
6292.241798625 6277.304110500
6292.255682500 6277.317994375
6292.283462625 6277.345774500
6292.297349000 6277.359661000
6292.311234500 6277.373546500
6292.325125000 6277.387437000
6292.339011375 6277.401323375
6292.352899750 6277.415211750
6292.366788500 6277.429100625
6292.380674500 6277.442986500
6292.394562375 6277.456874500
6292.408448625 6277.470760750
6292.422336625 6277.484648875
6292.436224625 6277.498536750
6292.450111750 6277.512424000
6292.463999750 6277.526312000
6292.477887500 6277.540199750
6292.491770125 6277.554082375
6292.505663500 6277.567975875
6292.519548250 6277.581860750
6292.533436500 6277.595748875
6292.547322125 6277.609634625
6292.561212625 6277.623525000
6292.575093750 6277.637406375
6292.588986125 6277.651298750
6292.602875250 6277.665187875
6292.616757500 6277.679070125
6292.630648250 6277.692960875
6292.644536250 6277.706849000
6292.658424375 6277.720737125
6292.672305500 6277.734618250
6292.686199250 6277.748512000
6292.700081625 6277.762394375
6292.713974125 6277.776287000
6292.727857625 6277.790170375
6292.741748000 6277.804060875
6292.755636125 6277.817949000
6292.769524000 6277.831837000
6292.783410375 6277.845723250
6292.797299000 6277.859612000
6292.811181250 6277.873494375
6292.825069375 6277.887382375
6292.838962375 6277.901275375
6292.852847500 6277.915160625
6292.866735750 6277.929049000
6292.880623750 6277.942936875
6292.894511500 6277.956824750
6292.908398500 6277.970711750
6292.922286000 6277.984599375
6292.936173750 6277.998487125
6292.950061375 6278.012374625
6292.963945875 6278.026259250
6292.977835500 6278.040148875
6292.991723375 6278.054036875
6293.005605000 6278.067918500
6293.019492625 6278.081806125
6293.033380750 6278.095694250
6293.047274625 6278.109588125
6293.061161000 6278.123474625
6293.075047250 6278.137360750
6293.088935125 6278.151248750
6293.102822000 6278.165135625
6293.116710750 6278.179024500
6293.130598750 6278.192912375
6293.144480625 6278.206794375
6293.158368625 6278.220682375
6293.172261750 6278.234575500
6293.186146875 6278.248460750
6293.200034875 6278.262348750
6293.213922875 6278.276236875
6293.227811000 6278.290125000
6293.241697500 6278.304011500
6293.255580250 6278.317894250
6293.269468250 6278.331782375
6293.283361750 6278.345675875
6293.297246750 6278.359560750
6293.311132000 6278.373446125
6293.325022625 6278.387336750
6293.338910625 6278.401224875
6293.352792125 6278.415106250
6293.366686500 6278.429000750
6293.380572500 6278.442886750
6293.394460250 6278.456774500
6293.408346750 6278.470661000
6293.422234750 6278.484549000
6293.436122375 6278.498436750
6293.450010125 6278.512324500
6293.463896125 6278.526210625
6293.477786500 6278.540100875
6293.491667750 6278.553982250
6293.505555875 6278.567870375
6293.519446375 6278.581760875
6293.533334125 6278.595648750
6293.547222125 6278.609536750
6293.561110125 6278.623424875
6293.574997500 6278.637312250
6293.588884250 6278.651199000
6293.602767375 6278.665082125
6293.616660500 6278.678975375
6293.630546125 6278.692861000
6293.644434125 6278.706748875
6293.658322125 6278.720637000
6293.672210250 6278.734525125
6293.686091375 6278.748406375
6293.699979500 6278.762294375
6293.713867125 6278.776182125
6293.727760000 6278.790075000
6293.741645875 6278.803961000
6293.755534000 6278.817849000
6293.769420375 6278.831735375
6293.783309875 6278.845625000
6293.797198000 6278.859513125
6293.811079000 6278.873394125
6293.824967125 6278.887282375
6293.838860625 6278.901175875
6293.852744125 6278.915059375
6293.866633750 6278.928948875
6293.880520375 6278.942835625
6293.894409500 6278.956724750
6293.908295250 6278.970610750
6293.922178750 6278.984494125
6293.936066625 6278.998382125
6293.949960375 6279.012275875
6293.963843750 6279.026159375
6293.977733375 6279.040049000
6293.991621500 6279.053937000
6294.005502625 6279.067818250
6294.019390875 6279.081706500
6294.033278500 6279.095594250
6294.047166625 6279.109482250
6294.061060250 6279.123376000
6294.074945125 6279.137260875
6294.088833125 6279.151149000
6294.102720750 6279.165036500
6294.116609125 6279.178924875
6294.130497125 6279.192813000
6294.144382875 6279.206698750
6294.158266375 6279.220582250
6294.172154375 6279.234470250
6294.186044750 6279.248360750
6294.199933000 6279.262249125
6294.213820875 6279.276136750
6294.227708375 6279.290024375
6294.241596875 6279.303913000
6294.255478000 6279.317794250
6294.269366125 6279.331682250
6294.283259750 6279.345576000
6294.297144750 6279.359461000
6294.311030125 6279.373346500
6294.324920625 6279.387236875
6294.338808625 6279.401124875
6294.352689750 6279.415006125
6294.366584375 6279.428900750
6294.380470000 6279.442786375
6294.394359875 6279.456676250
6294.408244375 6279.470560875
6294.422132625 6279.484449125
6294.436020500 6279.498337125
6294.449906250 6279.512222750
6294.463794000 6279.526110500
6294.477677625 6279.539994250
6294.491571500 6279.553888125
6294.505453625 6279.567770250
6294.519344000 6279.581660750
6294.533232000 6279.595548875
6294.547120000 6279.609436875
6294.561008000 6279.623324750
6294.574894875 6279.637211750
6294.588777750 6279.651094500
6294.602669750 6279.664986750
6294.616553250 6279.678870125
6294.630443000 6279.692760000
6294.644332000 6279.706649000
6294.658219750 6279.720536875
6294.672107750 6279.734424750
6294.685994125 6279.748311125
6294.699877250 6279.762194375
6294.713769500 6279.776086625
6294.727657375 6279.789974500
6294.741543625 6279.803860750
6294.755431500 6279.817748750
6294.769319750 6279.831637000
6294.783207625 6279.845524875
6294.797089125 6279.859406375
6294.810976875 6279.873294125
6294.824865000 6279.887182375
6294.838753000 6279.901070250
6294.852643625 6279.914961000
6294.866531625 6279.928849000
6294.880419500 6279.942737125
6294.894307500 6279.956625000
6294.908195125 6279.970512750
6294.922076750 6279.984394375
6294.935964625 6279.998282250
6294.949857250 6280.012175000
6294.963743250 6280.026060875
6294.977632625 6280.039950375
6294.991519375 6280.053837125
6295.005407000 6280.067724875
6295.019295000 6280.081612750
6295.033176625 6280.095494375
6295.047064375 6280.109382250
6295.060959000 6280.123276875
6295.074842875 6280.137160750
6295.088731000 6280.151048875
6295.102619125 6280.164937125
6295.116507125 6280.178825125
6295.130395000 6280.192713000
6295.144281875 6280.206599875
6295.158168500 6280.220486500
6295.172052125 6280.234370250
6295.185942875 6280.248260875
6295.199830750 6280.262148875
6295.213718625 6280.276036875
6295.227606750 6280.289925000
6295.241494500 6280.303812625
6295.255376000 6280.317694250
6295.269264000 6280.331582375
6295.283151875 6280.345470250
6295.297042000 6280.359360375
6295.310927875 6280.373246250
6295.324818375 6280.387136875
6295.338706500 6280.401025000
6295.352587625 6280.414906125
6295.366482125 6280.428800625
6295.380363750 6280.442682250
6295.394258000 6280.456576625
6295.408142250 6280.470460875
6295.422030250 6280.484348875
6295.435918375 6280.498237000
6295.449804875 6280.512123625
6295.463687625 6280.526006375
6295.477582000 6280.539900750
6295.491463625 6280.553782375
6295.505351500 6280.567670250
6295.519242125 6280.581561000
6295.533130000 6280.595448875
6295.547017875 6280.609336875
6295.560906125 6280.623225000
6295.574792000 6280.637111125
6295.588675125 6280.650994125
6295.602563250 6280.664882250
6295.616451250 6280.678770375
6295.630341500 6280.692660625
6295.644229625 6280.706548750
6295.658117750 6280.720436875
6295.672005375 6280.734324625
6295.685893750 6280.748213000
6295.699780000 6280.762099250
6295.713667250 6280.775986500
6295.727550875 6280.789870250
6295.741441000 6280.803760375
6295.755329625 6280.817648875
6295.769216250 6280.831535625
6295.783099000 6280.845418375
6295.796986750 6280.859306250
6295.810881625 6280.873201000
6295.824767750 6280.887087250
6295.838650750 6280.900970250
6295.852541625 6280.914861125
6295.866429250 6280.928748750
6295.880317375 6280.942636875
6295.894203625 6280.956523250
6295.908091000 6280.970410750
6295.921981250 6280.984301000
6295.935862375 6280.998182125
6295.949750375 6281.012070250
6295.963640375 6281.025960250
6295.977526625 6281.039846500
6295.991417125 6281.053737000
6296.005303500 6281.067623375
6296.019186250 6281.081506250
6296.033074375 6281.095394375
6296.046962250 6281.109282250
6296.060856875 6281.123176875
6296.074740750 6281.137060875
6296.088628750 6281.150948875
6296.102516750 6281.164836750
6296.116404625 6281.178724750
6296.130292000 6281.192612125
6296.144178375 6281.206498625
6296.158062250 6281.220382375
6296.171950125 6281.234270375
6296.185840500 6281.248160750
6296.199727375 6281.262047625
6296.213616500 6281.275936750
6296.227503250 6281.289823500
6296.241392375 6281.303712750
6296.255274000 6281.317594500
6296.269161875 6281.331482375
6296.283049750 6281.345370125
6296.296940250 6281.359260875
6296.310825875 6281.373146500
6296.324714375 6281.387034875
6296.338602750 6281.400923375
6296.352492375 6281.414813000
6296.366373500 6281.428694250
6296.380261500 6281.442582250
6296.394156250 6281.456477000
6296.408040125 6281.470360875
6296.421927750 6281.484248625
6296.435816250 6281.498137125
6296.449702625 6281.512023375
6296.463585250 6281.525906125
6296.477480250 6281.539801125
6296.491367500 6281.553688500
6296.505253500 6281.567574375
6296.519137250 6281.581458250
6296.533028125 6281.595349125
6296.546915625 6281.609236875
6296.560803750 6281.623124750
6296.574690125 6281.637011250
6296.588573375 6281.650894500
6296.602461125 6281.664782250
6296.616348875 6281.678670125
6296.630239125 6281.692560375
6296.644125000 6281.706446375
6296.658015625 6281.720337000
6296.671896875 6281.734218125
6296.685791625 6281.748113000
6296.699679250 6281.762000625
6296.713560750 6281.775882250
6296.727455625 6281.789777000
6296.741339375 6281.803660875
6296.755227500 6281.817549000
6296.769115125 6281.831436750
6296.783003500 6281.845325000
6296.796884750 6281.859206250
6296.810779125 6281.873100750
6296.824666625 6281.886988250
6296.838548750 6281.900870375
6296.852439125 6281.914760750
6296.866327125 6281.928648875
6296.880213625 6281.942535375
6296.894103250 6281.956425125
6296.907984625 6281.970306375
6296.921872625 6281.984194375
6296.935760625 6281.998082500
6296.949648375 6282.011970250
6296.963539000 6282.025860875
6296.977424375 6282.039746375
6296.991315000 6282.053637125
6297.005203000 6282.067525125
6297.019089750 6282.081411750
6297.032972250 6282.095294375
6297.046860125 6282.109182250
6297.060754625 6282.123076875
6297.074638875 6282.136961000
6297.088526375 6282.150848625
6297.102414875 6282.164737125
6297.116302750 6282.178625125
6297.130188125 6282.192510375
6297.144078500 6282.206400750
6297.157960000 6282.220282375
6297.171847875 6282.234170250
6297.185738500 6282.248060875
6297.199624875 6282.261947250
6297.213514500 6282.275837000
6297.227401125 6282.289723625
6297.241283750 6282.303606250
6297.255171750 6282.317494250
6297.269059875 6282.331382375
6297.282947625 6282.345270250
6297.296838375 6282.359160875
6297.310723750 6282.373046375
6297.324613750 6282.386936500
6297.338500625 6282.400823500
6297.352390375 6282.414713125
6297.366271500 6282.428594125
6297.380159375 6282.442482250
6297.394054125 6282.456377000
6297.407937875 6282.470260875
6297.421825875 6282.484148750
6297.435713875 6282.498036875
6297.449600750 6282.511923750
6297.463483250 6282.525806375
6297.477377750 6282.539700750
6297.491259375 6282.553582375
6297.505147125 6282.567470250
6297.519037875 6282.581361000
6297.532925875 6282.595249000
6297.546813875 6282.609137000
6297.560701875 6282.623025125
6297.574583250 6282.636906500
6297.588476125 6282.650799375
6297.602364875 6282.664688125
6297.616247250 6282.678570500
6297.630137500 6282.692460875
6297.644025625 6282.706348875
6297.657913375 6282.720236750
6297.671799625 6282.734123125
6297.685687250 6282.748010875
6297.699576750 6282.761900250
6297.713464625 6282.775788250
6297.727346500 6282.789670125
6297.741237500 6282.803561125
6297.755124625 6282.817448250
6297.769013125 6282.831336750
6297.782901000 6282.845224750
6297.796789125 6282.859112875
6297.810677000 6282.873000750
6297.824558625 6282.886882375
6297.838452375 6282.900776125
6297.852337000 6282.914660875
6297.866225000 6282.928548875
6297.880112875 6282.942436750
6297.894000875 6282.956324750
6297.907889000 6282.970213000
6297.921770500 6282.984094500
6297.935658125 6282.997982125
6297.949546125 6283.011870125
6297.963436875 6283.025761000
6297.977322375 6283.039646500
6297.991212875 6283.053536875
6298.005100750 6283.067424875
6298.018987500 6283.081311750
6298.032876625 6283.095201000
6298.046762375 6283.109086500
6298.060651250 6283.122975625
6298.074536750 6283.136861125
6298.088424000 6283.150748375
6298.102312250 6283.164636625
6298.116200625 6283.178525000
6298.130088500 6283.192413000
6298.143975125 6283.206299625
6298.157857750 6283.220182250
6298.171745875 6283.234070375
6298.185635125 6283.247959625
6298.199524500 6283.261849125
6298.213405625 6283.275730125
6298.227300375 6283.289625000
6298.241181625 6283.303506250
6298.255076125 6283.317400875
6298.268957625 6283.331282250
6298.282845500 6283.345170375
6298.296736000 6283.359060750
6298.310621625 6283.372946375
6298.324512000 6283.386836875
6298.338398625 6283.400723500
6298.352281250 6283.414606250
6298.366169375 6283.428494375
6298.380057375 6283.442382500
6298.393945125 6283.456270125
6298.407836000 6283.470161000
6298.421723625 6283.484048750
6298.435612000 6283.497937125
6298.449499500 6283.511824625
6298.463381000 6283.525706125
6298.477275625 6283.539600875
6298.491162250 6283.553487500
6298.505050500 6283.567375750
6298.518935375 6283.581260625
6298.532823125 6283.595148375
6298.546711375 6283.609036750
6298.560599750 6283.622925000
6298.574487375 6283.636812750
6298.588375000 6283.650700375
6298.602262500 6283.664588125
6298.616144875 6283.678470250
6298.630035500 6283.692361000
6298.643920500 6283.706246125
6298.657810750 6283.720136375
6298.671698625 6283.734024250
6298.685586000 6283.747911500
6298.699474875 6283.761800625
6298.713363000 6283.775688750
6298.727244375 6283.789570125
6298.741135250 6283.803461000
6298.755023125 6283.817349000
6298.768911250 6283.831237125
6298.782792375 6283.845118125
6298.796680250 6283.859006125
6298.810574000 6283.872899875
6298.824460500 6283.886786500
6298.838350000 6283.900676000
6298.852234125 6283.914560125
6298.866122750 6283.928448750
6298.880010750 6283.942336875
6298.893897500 6283.956223625
6298.907780375 6283.970106375
6298.921674375 6283.984000500
6298.935560500 6283.997886625
6298.949444250 6284.011770500
6298.963334625 6284.025660750
6298.977219750 6284.039546125
6298.991110625 6284.053436875
6299.004997000 6284.067323250
6299.018886500 6284.081212750
6299.032774375 6284.095100750
6299.046660000 6284.108986500
6299.060543750 6284.122870250
6299.074434500 6284.136761000
6299.088320875 6284.150647375
6299.102210375 6284.164537000
6299.116098500 6284.178425125
6299.129986500 6284.192313000
6299.143873250 6284.206199875
6299.157759750 6284.220086375
6299.171649250 6284.233976000
6299.185533500 6284.247860125
6299.199421875 6284.261748625
6299.213307875 6284.275634625
6299.227195875 6284.289522750
6299.241079500 6284.303406250
6299.254972875 6284.317299625
6299.268861500 6284.331188375
6299.282748875 6284.345075750
6299.296634125 6284.358961125
6299.310519500 6284.372846375
6299.324410000 6284.386737000
6299.338291125 6284.400618250
6299.352183500 6284.414510500
6299.366072125 6284.428399250
6299.379961375 6284.442288375
6299.393848500 6284.456175750
6299.407732500 6284.470059750
6299.421621625 6284.483948875
6299.435509625 6284.497836875
6299.449390875 6284.511718250
6299.463285750 6284.525613125
6299.477172250 6284.539499500
6299.491060625 6284.553388000
6299.504943000 6284.567270375
6299.518832750 6284.581160250
6299.532721625 6284.595049000
6299.546607875 6284.608935375
6299.560497250 6284.622824750
6299.574384875 6284.636712500
6299.588273250 6284.650600750
6299.602159250 6284.664486750
6299.616048250 6284.678375875
6299.629933250 6284.692261000
6299.643823625 6284.706151250
6299.657709250 6284.720036875
6299.671595875 6284.733923625
6299.685484250 6284.747812125
6299.699372875 6284.761700750
6299.713260875 6284.775588750
6299.727146625 6284.789474375
6299.741032375 6284.803360375
6299.754919750 6284.817247625
6299.768808875 6284.831136875
6299.782695625 6284.845023625
6299.796578375 6284.858906500
6299.810471375 6284.872799500
6299.824360250 6284.886688250
6299.838247375 6284.900575500
6299.852131750 6284.914459875
6299.866020125 6284.928348375
6299.879908875 6284.942237000
6299.893795125 6284.956123375
6299.907678125 6284.970006375
6299.921572500 6284.983900875
6299.935459750 6284.997788000
6299.949342000 6285.011670250
6299.963231625 6285.025560000
6299.977117750 6285.039446250
6299.991008375 6285.053336750
6300.004894750 6285.067223125
6300.018777875 6285.081106375
6300.032672375 6285.095000875
6300.046560125 6285.108888750
6300.060447750 6285.122776375
6300.074332125 6285.136660750
6300.088220125 6285.150548875
6300.102105875 6285.164434375
6300.115994875 6285.178323625
6300.129877500 6285.192206250
6300.143772000 6285.206100875
6300.157657750 6285.219986500
6300.171547250 6285.233876000
6300.185431375 6285.247760250
6300.199320000 6285.261648875
6300.213205625 6285.275534500
6300.227093750 6285.289422625
6300.240977250 6285.303306250
6300.254870000 6285.317199000
6300.268759000 6285.331088125
6300.282641250 6285.344970250
6300.296530875 6285.358859875
6300.310419750 6285.372748875
6300.324307500 6285.386636625
6300.338195750 6285.400524875
6300.352077000 6285.414406125
6300.365965125 6285.428294375
6300.379859125 6285.442188500
6300.393740875 6285.456070250
6300.407631375 6285.469960750
6300.421519625 6285.483849000
6300.435407625 6285.497737125
6300.449295375 6285.511624750
6300.463176750 6285.525506250
6300.477071375 6285.539400875
6300.490959000 6285.553288625
6300.504840625 6285.567170125
6300.518730875 6285.581060375
6300.532619250 6285.594948875
6300.546507375 6285.608837000
6300.560395250 6285.622724875
6300.574281750 6285.636611375
6300.588171125 6285.650500875
6300.602058875 6285.664388625
6300.615940625 6285.678270375
6300.629829750 6285.692159500
6300.643721375 6285.706051125
6300.657607250 6285.719937125
6300.671494750 6285.733824625
6300.685382000 6285.747711875
6300.699270625 6285.761600625
6300.713157500 6285.775487625
6300.727040250 6285.789370125
6300.740929750 6285.803259875
6300.754817125 6285.817147250
6300.768706875 6285.831037000
6300.782593125 6285.844923375
6300.796482625 6285.858812750
6300.810369375 6285.872699625
6300.824258000 6285.886588250
6300.838146000 6285.900476375
6300.852030625 6285.914360875
6300.865918500 6285.928248875
6300.879806750 6285.942137125
6300.893693125 6285.956023500
6300.907582625 6285.969913000
6300.921470625 6285.983801000
6300.935351750 6285.997682250
6300.949245375 6286.011576000
6300.963130250 6286.025460875
6300.977020625 6286.039351125
6300.990906625 6286.053237125
6301.004793250 6286.067123875
6301.018682250 6286.081012875
6301.032570250 6286.094900875
6301.046451625 6286.108782375
6301.060345375 6286.122676250
6301.074229375 6286.136560125
6301.088118125 6286.150449000
