 68
0
106
135
117
57
88
0
104
7
139
162
88
0
217
4
68
0
107
135
142
57
88
0
74
7
164
162
88
0
188
4
68
0
108
135
167
57
88
0
79
7
189
162
88
0
192
4
68
0
109
135
192
57
88
0
83
7
214
162
88
0
196
4
68
0
110
135
217
57
88
0
103
7
239
162
88
0
215
4
68
0
111
135
242
57
88
0
103
7
8
163
88
0
216
4
68
0
112
135
11
58
88
0
104
7
33
163
88
0
217
4
68
0
113
135
36
58
88
0
102
7
58
163
88
0
214
4
68
0
114
135
61
58
88
0
72
7
83
163
88
0
184
4
68
0
115
135
86
58
88
0
76
7
108
163
88
0
187
4
68
0
116
135
111
58
88
0
79
7
133
163
88
0
191
4
68
0
117
135
136
58
88
0
83
7
158
163
88
0
195
4
68
0
118
135
161
58
88
0
100
7
183
163
88
0
211
4
68
0
119
135
186
58
88
0
138
7
208
163
88
0
248
4
68
0
120
135
211
58
88
0
108
7
233
163
88
0
218
4
68
0
121
135
236
58
88
0
99
7
2
164
88
0
209
4
68
0
122
135
5
59
88
0
71
7
27
164
88
0
180
4
68
0
123
135
30
59
88
0
75
7
52
164
88
0
184
4
68
0
124
135
55
59
88
0
78
7
77
164
88
0
188
4
68
0
125
135
80
59
88
0
134
7
102
164
88
0
243
4
68
0
126
135
105
59
88
0
109
7
127
164
88
0
218
4
68
0
127
135
130
59
88
0
100
7
152
164
88
0
208
4
68
0
128
135
155
59
88
0
100
7
177
164
88
0
209
4
68
0
129
135
180
59
88
0
101
7
202
164
88
0
210
4
68
0
130
135
205
59
88
0
70
7
227
164
88
0
178
4
68
0
131
135
230
59
88
0
129
7
252
164
88
0
237
4
68
0
132
135
255
59
88
0
111
7
21
165
88
0
219
4
68
0
133
135
24
60
88
0
81
7
46
165
88
0
189
4
68
0
134
135
49
60
88
0
103
7
71
165
88
0
210
4
68
0
135
135
74
60
88
0
105
7
96
165
88
0
212
4
68
0
136
135
99
60
88
0
102
7
121
165
88
0
210
4
68
0
137
135
124
60
88
0
103
7
146
165
88
0
210
4
68
0
138
135
149
60
88
0
69
7
171
165
88
0
176
4
68
0
139
135
174
60
88
0
74
7
196
165
88
0
180
4
68
0
140
135
199
60
88
0
77
7
221
165
88
0
184
4
68
0
141
135
224
60
88
0
81
7
246
165
88
0
188
4
68
0
142
135
249
60
88
0
103
7
15
166
88
0
209
4
68
0
143
135
18
61
88
0
105
7
40
166
88
0
210
4
68
0
144
135
43
61
88
0
101
7
65
166
88
0
206
4
68
0
145
135
68
61
88
0
104
7
90
166
88
0
210
4
68
0
146
135
93
61
88
0
69
7
115
166
88
0
175
4
68
0
147
135
118
61
88
0
74
7
140
166
88
0
178
4
68
0
148
135
143
61
88
0
78
7
165
166
88
0
182
4
68
0
149
135
168
61
88
0
136
7
190
166
88
0
240
4
68
0
150
135
193
61
88
0
107
7
215
166
88
0
211
4
68
0
151
135
218
61
88
0
99
7
240
166
88
0
202
4
68
0
152
135
243
61
88
0
100
7
9
167
88
0
203
4
68
0
153
135
12
62
88
0
100
7
34
167
88
0
204
4
68
0
154
135
37
62
88
0
71
7
59
167
88
0
174
4
68
0
155
135
62
62
88
0
128
7
84
167
88
0
231
4
68
0
156
135
87
62
88
0
78
7
109
167
88
0
180
4
68
0
157
135
112
62
88
0
81
7
134
167
88
0
184
4
68
0
158
135
137
62
88
0
100
7
159
167
88
0
203
4
68
0
159
135
162
62
88
0
101
7
184
167
88
0
203
4
68
0
160
135
187
62
88
0
100
7
209
167
88
0
202
4
68
0
161
135
212
62
88
0
119
7
234
167
88
0
221
4
68
0
162
135
237
62
88
0
111
7
3
168
88
0
213
4
68
0
163
135
6
63
88
0
75
7
28
168
88
0
176
4
68
0
164
135
31
63
88
0
80
7
53
168
88
0
181
4
68
0
165
135
56
63
88
0
83
7
78
168
88
0
185
4
68
0
166
135
81
63
88
0
102
7
103
168
88
0
203
4
68
0
167
135
106
63
88
0
103
7
128
168
88
0
204
4
68
0
168
135
131
63
88
0
103
7
153
168
88
0
203
4
68
0
169
135
156
63
88
0
103
7
178
168
88
0
204
4
68
0
170
135
181
63
88
0
104
7
203
168
88
0
205
4
68
0
171
135
206
63
88
0
75
7
228
168
88
0
175
4
68
0
172
135
231
63
88
0
80
7
253
168
88
0
179
4
68
0
173
135
0
64
88
0
84
7
22
169
88
0
183
4
68
0
174
135
25
64
88
0
100
7
47
169
88
0
199
4
68
0
175
135
50
64
88
0
104
7
72
169
88
0
202
4
68
0
176
135
75
64
88
0
103
7
97
169
88
0
201
4
68
0
177
135
100
64
88
0
104
7
122
169
88
0
202
4
68
0
178
135
125
64
88
0
71
7
147
169
88
0
170
4
68
0
179
135
150
64
88
0
127
7
172
169
88
0
225
4
68
0
180
135
175
64
88
0
78
7
197
169
88
0
175
4
68
0
181
135
200
64
88
0
82
7
222
169
88
0
179
4
68
0
182
135
225
64
88
0
100
7
247
169
88
0
198
4
68
0
183
135
250
64
88
0
101
7
16
170
88
0
198
4
68
0
184
135
19
65
88
0
100
7
41
170
88
0
197
4
68
0
185
135
44
65
88
0
120
7
66
170
88
0
216
4
68
0
186
135
69
65
88
0
108
7
91
170
88
0
205
4
68
0
187
135
94
65
88
0
75
7
116
170
88
0
171
4
68
0
188
135
119
65
88
0
79
7
141
170
88
0
175
4
68
0
189
135
144
65
88
0
84
7
166
170
88
0
180
4
68
0
190
135
169
65
88
0
99
7
191
170
88
0
195
4
68
0
191
135
194
65
88
0
137
7
216
170
88
0
233
4
68
0
192
135
219
65
88
0
108
7
241
170
88
0
203
4
68
0
193
135
244
65
88
0
100
7
10
171
88
0
195
4
68
0
194
135
13
66
88
0
103
7
35
171
88
0
199
4
68
0
195
135
38
66
88
0
74
7
60
171
88
0
169
4
68
0
196
135
63
66
88
0
78
7
85
171
88
0
173
4
68
0
197
135
88
66
88
0
83
7
110
171
88
0
177
4
68
0
198
135
113
66
88
0
103
7
135
171
88
0
197
4
68
0
199
135
138
66
88
0
103
7
160
171
88
0
198
4
68
0
200
135
163
66
88
0
104
7
185
171
88
0
198
4
68
0
201
135
188
66
88
0
103
7
210
171
88
0
197
4
68
0
202
135
213
66
88
0
104
7
235
171
88
0
196
4
68
0
203
135
238
66
88
0
74
7
4
172
88
0
167
4
68
0
204
135
7
67
88
0
79
7
29
172
88
0
171
4
68
0
205
135
32
67
88
0
84
7
54
172
88
0
177
4
68
0
206
135
57
67
88
0
103
7
79
172
88
0
195
4
68
0
207
135
82
67
88
0
103
7
104
172
88
0
195
4
68
0
208
135
107
67
88
0
104
7
129
172
88
0
196
4
68
0
209
135
132
67
88
0
103
7
154
172
88
0
194
4
68
0
210
135
157
67
88
0
72
7
179
172
88
0
163
4
68
0
211
135
182
67
88
0
75
7
204
172
88
0
167
4
68
0
212
135
207
67
88
0
79
7
229
172
88
0
170
4
68
0
213
135
232
67
88
0
84
7
254
172
88
0
175
4
68
0
214
135
1
68
88
0
100
7
23
173
88
0
190
4
68
0
215
135
26
68
88
0
137
7
48
173
88
0
228
4
68
0
216
135
51
68
88
0
108
7
73
173
88
0
198
4
68
0
217
135
76
68
88
0
99
7
98
173
88
0
189
4
68
0
218
135
101
68
88
0
71
7
123
173
88
0
161
4
68
0
219
135
126
68
88
0
74
7
148
173
88
0
164
4
68
0
220
135
151
68
88
0
78
7
173
173
88
0
168
4
68
0
221
135
176
68
88
0
134
7
198
173
88
0
223
4
68
0
222
135
201
68
88
0
109
7
223
173
88
0
198
4
68
0
223
135
226
68
88
0
99
7
248
173
88
0
189
4
68
0
224
135
251
68
88
0
100
7
17
174
88
0
189
4
68
0
225
135
20
69
88
0
101
7
42
174
88
0
190
4
68
0
226
135
45
69
88
0
70
7
67
174
88
0
158
4
68
0
227
135
70
69
88
0
129
7
92
174
88
0
217
4
68
0
228
135
95
69
88
0
111
7
117
174
88
0
198
4
68
0
229
135
120
69
88
0
81
7
142
174
88
0
169
4
68
0
230
135
145
69
88
0
104
7
167
174
88
0
191
4
68
0
231
135
170
69
88
0
105
7
192
174
88
0
191
4
68
0
232
135
195
69
88
0
102
7
217
174
88
0
189
4
68
0
233
135
220
69
88
0
103
7
242
174
88
0
190
4
68
0
234
135
245
69
88
0
70
7
11
175
88
0
156
4
68
0
235
135
14
70
88
0
74
7
36
175
88
0
160
4
68
0
236
135
39
70
88
0
77
7
61
175
88
0
163
4
68
0
237
135
64
70
88
0
81
7
86
175
88
0
167
4
68
0
238
135
89
70
88
0
104
7
111
175
88
0
189
4
68
0
239
135
114
70
88
0
105
7
136
175
88
0
190
4
68
0
240
135
139
70
88
0
100
7
161
175
88
0
185
4
68
0
241
135
164
70
88
0
104
7
186
175
88
0
189
4
68
0
242
135
189
70
88
0
70
7
211
175
88
0
155
4
68
0
243
135
214
70
88
0
74
7
236
175
88
0
158
4
68
0
244
135
239
70
88
0
77
7
5
176
88
0
162
4
68
0
245
135
8
71
88
0
136
7
30
176
88
0
220
4
68
0
246
135
33
71
88
0
107
7
55
176
88
0
191
4
68
0
247
135
58
71
88
0
99
7
80
176
88
0
183
4
68
0
248
135
83
71
88
0
99
7
105
176
88
0
183
4
68
0
249
135
108
71
88
0
100
7
130
176
88
0
184
4
68
0
250
135
133
71
88
0
71
7
155
176
88
0
154
4
68
0
251
135
158
71
88
0
128
7
180
176
88
0
211
4
68
0
252
135
183
71
88
0
77
7
205
176
88
0
160
4
68
0
253
135
208
71
88
0
81
7
230
176
88
0
164
4
68
0
254
135
233
71
88
0
100
7
255
176
88
0
183
4
68
0
255
135
2
72
88
0
102
7
24
177
88
0
184
4
68
0
0
136
27
72
88
0
100
7
49
177
88
0
182
4
68
0
1
136
52
72
88
0
119
7
74
177
88
0
201
4
68
0
2
136
77
72
88
0
111
7
99
177
88
0
192
4
68
0
3
136
102
72
88
0
76
7
124
177
88
0
158
4
68
0
4
136
127
72
88
0
80
7
149
177
88
0
160
4
68
0
5
136
152
72
88
0
83
7
174
177
88
0
164
4
68
0
6
136
177
72
88
0
102
7
199
177
88
0
182
4
68
0
7
136
202
72
88
0
104
7
224
177
88
0
185
4
68
0
8
136
227
72
88
0
103
7
249
177
88
0
183
4
68
0
9
136
252
72
88
0
103
7
18
178
88
0
184
4
68
0
10
136
21
73
88
0
104
7
43
178
88
0
184
4
68
0
11
136
46
73
88
0
76
7
68
178
88
0
155
4
68
0
12
136
71
73
88
0
80
7
93
178
88
0
159
4
68
0
13
136
96
73
88
0
83
7
118
178
88
0
162
4
68
0
14
136
121
73
88
0
100
7
143
178
88
0
179
4
68
0
15
136
146
73
88
0
104
7
168
178
88
0
183
4
68
0
16
136
171
73
88
0
103
7
193
178
88
0
181
4
68
0
17
136
196
73
88
0
103
7
218
178
88
0
182
4
68
0
18
136
221
73
88
0
71
7
243
178
88
0
149
4
68
0
19
136
246
73
88
0
127
7
12
179
88
0
205
4
68
0
20
136
15
74
88
0
78
7
37
179
88
0
156
4
68
0
21
136
40
74
88
0
81
7
62
179
88
0
159
4
68
0
22
136
65
74
88
0
100
7
87
179
88
0
178
4
68
0
23
136
90
74
88
0
101
7
112
179
88
0
178
4
68
0
24
136
115
74
88
0
100
7
137
179
88
0
177
4
68
0
25
136
140
74
88
0
119
7
162
179
88
0
196
4
68
0
26
136
165
74
88
0
108
7
187
179
88
0
185
4
68
0
27
136
190
74
88
0
75
7
212
179
88
0
152
4
68
0
28
136
215
74
88
0
80
7
237
179
88
0
156
4
68
0
29
136
240
74
88
0
84
7
6
180
88
0
160
4
68
0
30
136
9
75
88
0
99
7
31
180
88
0
175
4
68
0
31
136
34
75
88
0
137
7
56
180
88
0
213
4
68
0
32
136
59
75
88
0
109
7
81
180
88
0
185
4
68
0
33
136
84
75
88
0
100
7
106
180
88
0
175
4
68
0
34
136
109
75
88
0
103
7
131
180
88
0
179
4
68
0
35
136
134
75
88
0
74
7
156
180
88
0
148
4
68
0
36
136
159
75
88
0
79
7
181
180
88
0
153
4
68
0
37
136
184
75
88
0
83
7
206
180
88
0
156
4
68
0
38
136
209
75
88
0
102
7
231
180
88
0
176
4
68
0
39
136
234
75
88
0
103
7
0
181
88
0
177
4
68
0
40
136
3
76
88
0
105
7
25
181
88
0
178
4
68
0
41
136
28
76
88
0
103
7
50
181
88
0
176
4
68
0
42
136
53
76
88
0
103
7
75
181
88
0
176
4
68
0
43
136
78
76
88
0
74
7
100
181
88
0
147
4
68
0
44
136
103
76
88
0
79
7
125
181
88
0
152
4
68
0
45
136
128
76
88
0
84
7
150
181
88
0
156
4
68
0
46
136
153
76
88
0
102
7
175
181
88
0
175
4
68
0
47
136
178
76
88
0
103
7
200
181
88
0
175
4
68
0
48
136
203
76
88
0
104
7
225
181
88
0
176
4
68
0
49
136
228
76
88
0
103
7
250
181
88
0
174
4
68
0
50
136
253
76
88
0
71
7
19
182
88
0
143
4
68
0
51
136
22
77
88
0
75
7
44
182
88
0
147
4
68
0
52
136
47
77
88
0
79
7
69
182
88
0
150
4
68
0
53
136
72
77
88
0
84
7
94
182
88
0
155
4
68
0
54
136
97
77
88
0
100
7
119
182
88
0
170
4
68
0
55
136
122
77
88
0
137
7
144
182
88
0
208
4
68
0
56
136
147
77
88
0
108
7
169
182
88
0
179
4
68
0
57
136
172
77
88
0
100
7
194
182
88
0
170
4
68
0
58
136
197
77
88
0
71
7
219
182
88
0
141
4
68
0
59
136
222
77
88
0
74
7
244
182
88
0
144
4
68
0
60
136
247
77
88
0
78
7
13
183
88
0
148
4
68
0
61
136
16
78
88
0
135
7
38
183
88
0
205
4
68
0
62
136
41
78
88
0
109
7
63
183
88
0
177
4
68
0
63
136
66
78
88
0
99
7
88
183
88
0
168
4
68
0
64
136
91
78
88
0
100
7
113
183
88
0
168
4
68
0
65
136
116
78
88
0
102
7
138
183
88
0
170
4
68
0
66
136
141
78
88
0
70
7
163
183
88
0
138
4
68
0
67
136
166
78
88
0
128
7
188
183
88
0
196
4
68
0
68
136
191
78
88
0
111
7
213
183
88
0
179
4
68
0
69
136
216
78
88
0
82
7
238
183
88
0
149
4
68
0
70
136
241
78
88
0
104
7
7
184
88
0
171
4
68
0
71
136
10
79
88
0
104
7
32
184
88
0
171
4
68
0
72
136
35
79
88
0
102
7
57
184
88
0
169
4
68
0
73
136
60
79
88
0
103
7
82
184
88
0
170
4
68
0
74
136
85
79
88
0
70
7
107
184
88
0
136
4
68
0
75
136
110
79
88
0
73
7
132
184
88
0
140
4
68
0
76
136
135
79
88
0
77
7
157
184
88
0
143
4
68
0
77
136
160
79
88
0
81
7
182
184
88
0
147
4
68
0
78
136
185
79
88
0
104
7
207
184
88
0
169
4
68
0
79
136
210
79
88
0
104
7
232
184
88
0
170
4
68
0
80
136
235
79
88
0
100
7
1
185
88
0
166
4
68
0
81
136
4
80
88
0
104
7
26
185
88
0
169
4
68
0
82
136
29
80
88
0
70
7
51
185
88
0
135
4
68
0
83
136
54
80
88
0
74
7
76
185
88
0
138
4
68
0
84
136
79
80
88
0
77
7
101
185
88
0
142
4
68
0
85
136
104
80
88
0
136
7
126
185
88
0
201
4
68
0
86
136
129
80
88
0
108
7
151
185
88
0
172
4
68
0
87
136
154
80
88
0
99
7
176
185
88
0
163
4
68
0
88
136
179
80
88
0
99
7
201
185
88
0
162
4
68
0
89
136
204
80
88
0
100
7
226
185
88
0
163
4
68
0
90
136
229
80
88
0
72
7
251
185
88
0
135
4
68
0
91
136
254
80
88
0
128
7
20
186
88
0
190
4
68
0
92
136
23
81
88
0
77
7
45
186
88
0
140
4
68
0
93
136
48
81
88
0
81
7
70
186
88
0
143
4
68
0
94
136
73
81
88
0
101
7
95
186
88
0
163
4
68
0
95
136
98
81
88
0
102
7
120
186
88
0
163
4
68
0
96
136
123
81
88
0
99
7
145
186
88
0
161
4
68
0
97
136
148
81
88
0
119
7
170
186
88
0
181
4
68
0
98
136
173
81
88
0
112
7
195
186
88
0
173
4
68
0
99
136
198
81
88
0
76
7
220
186
88
0
137
4
68
0
100
136
223
81
88
0
79
7
245
186
88
0
140
4
68
0
101
136
248
81
88
0
83
7
14
187
88
0
144
4
68
0
102
136
17
82
88
0
102
7
39
187
88
0
162
4
68
0
103
136
42
82
88
0
104
7
64
187
88
0
164
4
68
0
104
136
67
82
88
0
102
7
89
187
88
0
163
4
68
0
105
136
92
82
88
0
103
7
114
187
88
0
163
4
68
0
106
136
117
82
88
0
104
7
139
187
88
0
164
4
68
0
107
136
142
82
88
0
76
7
164
187
88
0
135
4
68
0
108
136
167
82
88
0
79
7
189
187
88
0
139
4
68
0
109
136
192
82
88
0
83
7
214
187
88
0
143
4
68
0
110
136
217
82
88
0
100
7
239
187
88
0
159
4
68
0
111
136
242
82
88
0
105
7
8
188
88
0
164
4
68
0
112
136
11
83
88
0
103
7
33
188
88
0
161
4
68
0
113
136
36
83
88
0
103
7
58
188
88
0
162
4
68
0
114
136
61
83
88
0
71
7
83
188
88
0
129
4
68
0
115
136
86
83
88
0
128
7
108
188
88
0
185
4
68
0
116
136
111
83
88
0
78
7
133
188
88
0
136
4
68
0
117
136
136
83
88
0
81
7
158
188
88
0
138
4
68
0
118
136
161
83
88
0
100
7
183
188
88
0
158
4
68
0
119
136
186
83
88
0
102
7
208
188
88
0
159
4
68
0
120
136
211
83
88
0
100
7
233
188
88
0
156
4
68
0
121
136
236
83
88
0
119
7
2
189
88
0
176
4
68
0
122
136
5
84
88
0
108
7
27
189
88
0
164
4
68
0
123
136
30
84
88
0
76
7
52
189
88
0
132
4
68
0
124
136
55
84
88
0
80
7
77
189
88
0
135
4
68
0
125
136
80
84
88
0
83
7
102
189
88
0
139
4
68
0
126
136
105
84
88
0
99
7
127
189
88
0
155
4
68
0
127
136
130
84
88
0
137
7
152
189
88
0
192
4
68
0
128
136
155
84
88
0
109
7
177
189
88
0
164
4
68
0
129
136
180
84
88
0
99
7
202
189
88
0
154
4
68
0
130
136
205
84
88
0
103
7
227
189
88
0
158
4
68
0
131
136
230
84
88
0
74
7
252
189
88
0
128
4
68
0
132
136
255
84
88
0
79
7
21
190
88
0
133
4
68
0
133
136
24
85
88
0
82
7
46
190
88
0
137
4
68
0
134
136
49
85
88
0
102
7
71
190
88
0
156
4
68
0
135
136
74
85
88
0
103
7
96
190
88
0
157
4
68
0
136
136
99
85
88
0
105
7
121
190
88
0
158
4
68
0
137
136
124
85
88
0
102
7
146
190
88
0
156
4
68
0
138
136
149
85
88
0
103
7
171
190
88
0
157
4
68
0
139
136
174
85
88
0
74
7
196
190
88
0
127
4
68
0
140
136
199
85
88
0
80
7
221
190
88
0
133
4
68
0
141
136
224
85
88
0
84
7
246
190
88
0
136
4
68
0
142
136
249
85
88
0
102
7
15
191
88
0
155
4
68
0
143
136
18
86
88
0
103
7
40
191
88
0
155
4
68
0
144
136
43
86
88
0
105
7
65
191
88
0
157
4
68
0
145
136
68
86
88
0
103
7
90
191
88
0
155
4
68
0
146
136
93
86
88
0
71
7
115
191
88
0
122
4
68
0
147
136
118
86
88
0
75
7
140
191
88
0
126
4
68
0
148
136
143
86
88
0
80
7
165
191
88
0
131
4
68
0
149
136
168
86
88
0
84
7
190
191
88
0
134
4
68
0
150
136
193
86
88
0
99
7
215
191
88
0
150
4
68
0
151
136
218
86
88
0
137
7
240
191
88
0
187
4
68
0
152
136
243
86
88
0
109
7
9
192
88
0
159
4
68
0
153
136
12
87
88
0
100
7
34
192
88
0
149
4
68
0
154
136
37
87
88
0
70
7
59
192
88
0
120
4
68
0
155
136
62
87
88
0
74
7
84
192
88
0
124
4
68
0
156
136
87
87
88
0
78
7
109
192
88
0
127
4
68
0
157
136
112
87
88
0
135
7
134
192
88
0
184
4
68
0
158
136
137
87
88
0
108
7
159
192
88
0
157
4
68
0
159
136
162
87
88
0
99
7
184
192
88
0
148
4
68
0
160
136
187
87
88
0
100
7
209
192
88
0
148
4
68
0
161
136
212
87
88
0
102
7
234
192
88
0
150
4
68
0
162
136
237
87
88
0
69
7
3
193
88
0
118
4
68
0
163
136
6
88
88
0
128
7
28
193
88
0
176
4
68
0
164
136
31
88
88
0
111
7
53
193
88
0
159
4
68
0
165
136
56
88
88
0
82
7
78
193
88
0
129
4
68
0
166
136
81
88
88
0
104
7
103
193
88
0
151
4
68
0
167
136
106
88
88
0
104
7
128
193
88
0
151
4
68
0
168
136
131
88
88
0
102
7
153
193
88
0
149
4
68
0
169
136
156
88
88
0
104
7
178
193
88
0
151
4
68
0
170
136
181
88
88
0
70
7
203
193
88
0
116
4
68
0
171
136
206
88
88
0
73
7
228
193
88
0
120
4
68
0
172
136
231
88
88
0
77
7
253
193
88
0
123
4
68
0
173
136
0
89
88
0
82
7
22
194
88
0
128
4
68
0
174
136
25
89
88
0
104
7
47
194
88
0
149
4
68
0
175
136
50
89
88
0
104
7
72
194
88
0
150
4
68
0
176
136
75
89
88
0
100
7
97
194
88
0
145
4
68
0
177
136
100
89
88
0
105
7
122
194
88
0
150
4
68
0
178
136
125
89
88
0
70
7
147
194
88
0
114
4
68
0
179
136
150
89
88
0
73
7
172
194
88
0
117
4
68
0
180
136
175
89
88
0
77
7
197
194
88
0
121
4
68
0
181
136
200
89
88
0
136
7
222
194
88
0
180
4
68
0
182
136
225
89
88
0
108
7
247
194
88
0
151
4
68
0
183
136
250
89
88
0
98
7
16
195
88
0
142
4
68
0
184
136
19
90
88
0
99
7
41
195
88
0
142
4
68
0
185
136
44
90
88
0
100
7
66
195
88
0
143
4
68
0
186
136
69
90
88
0
72
7
91
195
88
0
115
4
68
0
187
136
94
90
88
0
127
7
116
195
88
0
170
4
68
0
188
136
119
90
88
0
77
7
141
195
88
0
120
4
68
0
189
136
144
90
88
0
81
7
166
195
88
0
123
4
68
0
190
136
169
90
88
0
101
7
191
195
88
0
143
4
68
0
191
136
194
90
88
0
101
7
216
195
88
0
144
4
68
0
192
136
219
90
88
0
99
7
241
195
88
0
141
4
68
0
193
136
244
90
88
0
119
7
10
196
88
0
161
4
68
0
194
136
13
91
88
0
112
7
35
196
88
0
153
4
68
0
195
136
38
91
88
0
76
7
60
196
88
0
117
4
68
0
196
136
63
91
88
0
79
7
85
196
88
0
120
4
68
0
197
136
88
91
88
0
83
7
110
196
88
0
124
4
68
0
198
136
113
91
88
0
103
7
135
196
88
0
144
4
68
0
199
136
138
91
88
0
104
7
160
196
88
0
144
4
68
0
200
136
163
91
88
0
102
7
185
196
88
0
142
4
68
0
201
136
188
91
88
0
103
7
210
196
88
0
142
4
68
0
202
136
213
91
88
0
105
7
235
196
88
0
145
4
68
0
203
136
238
91
88
0
76
7
4
197
88
0
116
4
68
0
204
136
7
92
88
0
79
7
29
197
88
0
119
4
68
0
205
136
32
92
88
0
83
7
54
197
88
0
122
4
68
0
206
136
57
92
88
0
101
7
79
197
88
0
139
4
68
0
207
136
82
92
88
0
105
7
104
197
88
0
143
4
68
0
208
136
107
92
88
0
102
7
129
197
88
0
140
4
68
0
209
136
132
92
88
0
103
7
154
197
88
0
141
4
68
0
210
136
157
92
88
0
72
7
179
197
88
0
110
4
68
0
211
136
182
92
88
0
128
7
204
197
88
0
165
4
68
0
212
136
207
92
88
0
77
7
229
197
88
0
115
4
68
0
213
136
232
92
88
0
81
7
254
197
88
0
118
4
68
0
214
136
1
93
88
0
100
7
23
198
88
0
137
4
68
0
215
136
26
93
88
0
102
7
48
198
88
0
139
4
68
0
216
136
51
93
88
0
99
7
73
198
88
0
136
4
68
0
217
136
76
93
88
0
119
7
98
198
88
0
156
4
68
0
218
136
101
93
88
0
108
7
123
198
88
0
144
4
68
0
219
136
126
93
88
0
76
7
148
198
88
0
112
4
68
0
220
136
151
93
88
0
79
7
173
198
88
0
115
4
68
0
221
136
176
93
88
0
83
7
198
198
88
0
119
4
68
0
222
136
201
93
88
0
99
7
223
198
88
0
135
4
68
0
223
136
226
93
88
0
138
7
248
198
88
0
173
4
68
0
224
136
251
93
88
0
109
7
17
199
88
0
144
4
68
0
225
136
20
94
88
0
99
7
42
199
88
0
134
4
68
0
226
136
45
94
88
0
103
7
67
199
88
0
138
4
68
0
227
136
70
94
88
0
75
7
92
199
88
0
110
4
68
0
228
136
95
94
88
0
79
7
117
199
88
0
113
4
68
0
229
136
120
94
88
0
82
7
142
199
88
0
117
4
68
0
230
136
145
94
88
0
102
7
167
199
88
0
136
4
68
0
231
136
170
94
88
0
104
7
192
199
88
0
137
4
68
0
232
136
195
94
88
0
105
7
217
199
88
0
138
4
68
0
233
136
220
94
88
0
102
7
242
199
88
0
135
4
68
0
234
136
245
94
88
0
103
7
11
200
88
0
136
4
68
0
235
136
14
95
88
0
75
7
36
200
88
0
107
4
68
0
236
136
39
95
88
0
80
7
61
200
88
0
112
4
68
0
237
136
64
95
88
0
83
7
86
200
88
0
115
4
68
0
238
136
89
95
88
0
102
7
111
200
88
0
134
4
68
0
239
136
114
95
88
0
103
7
136
200
88
0
135
4
68
0
240
136
139
95
88
0
105
7
161
200
88
0
136
4
68
0
241
136
164
95
88
0
102
7
186
200
88
0
134
4
68
0
242
136
189
95
88
0
71
7
211
200
88
0
102
4
68
0
243
136
214
95
88
0
75
7
236
200
88
0
106
4
68
0
244
136
239
95
88
0
80
7
5
201
88
0
110
4
68
0
245
136
8
96
88
0
83
7
30
201
88
0
114
4
68
0
246
136
33
96
88
0
99
7
55
201
88
0
130
4
68
0
247
136
58
96
88
0
137
7
80
201
88
0
167
4
68
0
248
136
83
96
88
0
109
7
105
201
88
0
139
4
68
0
249
136
108
96
88
0
99
7
130
201
88
0
129
4
68
0
250
136
133
96
88
0
70
7
155
201
88
0
100
4
68
0
251
136
158
96
88
0
74
7
180
201
88
0
104
4
68
0
252
136
183
96
88
0
79
7
205
201
88
0
108
4
68
0
253
136
208
96
88
0
135
7
230
201
88
0
164
4
68
0
254
136
233
96
88
0
108
7
255
201
88
0
137
4
68
0
255
136
2
97
88
0
99
7
24
202
88
0
128
4
68
0
0
137
27
97
88
0
101
7
49
202
88
0
129
4
68
0
1
137
52
97
88
0
102
7
74
202
88
0
130
4
68
0
2
137
77
97
88
0
69
7
99
202
88
0
97
4
68
0
3
137
102
97
88
0
128
7
124
202
88
0
155
4
68
0
4
137
127
97
88
0
112
7
149
202
88
0
140
4
68
0
5
137
152
97
88
0
82
7
174
202
88
0
108
4
68
0
6
137
177
97
88
0
103
7
199
202
88
0
131
4
68
0
7
137
202
97
88
0
104
7
224
202
88
0
131
4
68
0
8
137
227
97
88
0
103
7
249
202
88
0
129
4
68
0
9
137
252
97
88
0
104
7
18
203
88
0
131
4
68
0
10
137
21
98
88
0
69
7
43
203
88
0
95
4
68
0
11
137
46
98
88
0
73
7
68
203
88
0
99
4
68
0
12
137
71
98
88
0
77
7
93
203
88
0
103
4
68
0
13
137
96
98
88
0
82
7
118
203
88
0
107
4
68
0
14
137
121
98
88
0
103
7
143
203
88
0
129
4
68
0
15
137
146
98
88
0
104
7
168
203
88
0
129
4
68
0
16
137
171
98
88
0
100
7
193
203
88
0
125
4
68
0
17
137
196
98
88
0
105
7
218
203
88
0
129
4
68
0
18
137
221
98
88
0
69
7
243
203
88
0
94
4
68
0
19
137
246
98
88
0
73
7
12
204
88
0
98
4
68
0
20
137
15
99
88
0
77
7
37
204
88
0
101
4
68
0
21
137
40
99
88
0
137
7
62
204
88
0
161
4
68
0
22
137
65
99
88
0
108
7
87
204
88
0
131
4
68
0
23
137
90
99
88
0
98
7
112
204
88
0
122
4
68
0
24
137
115
99
88
0
99
7
137
204
88
0
123
4
68
0
25
137
140
99
88
0
101
7
162
204
88
0
124
4
68
0
26
137
165
99
88
0
72
7
187
204
88
0
95
4
68
0
27
137
190
99
88
0
127
7
212
204
88
0
150
4
68
0
28
137
215
99
88
0
77
7
237
204
88
0
100
4
68
0
29
137
240
99
88
0
82
7
6
205
88
0
103
4
68
0
30
137
9
100
88
0
101
7
31
205
88
0
123
4
68
0
31
137
34
100
88
0
101
7
56
205
88
0
124
4
68
0
32
137
59
100
88
0
99
7
81
205
88
0
121
4
68
0
33
137
84
100
88
0
120
7
106
205
88
0
142
4
68
0
34
137
109
100
88
0
112
7
131
205
88
0
132
4
68
0
35
137
134
100
88
0
75
7
156
205
88
0
97
4
68
0
36
137
159
100
88
0
79
7
181
205
88
0
100
4
68
0
37
137
184
100
88
0
84
7
206
205
88
0
104
4
68
0
38
137
209
100
88
0
103
7
231
205
88
0
123
4
68
0
39
137
234
100
88
0
103
7
0
206
88
0
123
4
68
0
40
137
3
101
88
0
102
7
25
206
88
0
122
4
68
0
41
137
28
101
88
0
103
7
50
206
88
0
122
4
68
0
42
137
53
101
88
0
105
7
75
206
88
0
124
4
68
0
43
137
78
101
88
0
75
7
100
206
88
0
95
4
68
0
44
137
103
101
88
0
79
7
125
206
88
0
98
4
68
0
45
137
128
101
88
0
83
7
150
206
88
0
102
4
68
0
46
137
153
101
88
0
101
7
175
206
88
0
119
4
68
0
47
137
178
101
88
0
104
7
200
206
88
0
123
4
68
0
48
137
203
101
88
0
102
7
225
206
88
0
121
4
68
0
49
137
228
101
88
0
103
7
250
206
88
0
121
4
68
0
50
137
253
101
88
0
72
7
19
207
88
0
90
4
68
0
51
137
22
102
88
0
128
7
44
207
88
0
145
4
68
0
52
137
47
102
88
0
77
7
69
207
88
0
95
4
68
0
53
137
72
102
88
0
81
7
94
207
88
0
98
4
68
0
54
137
97
102
88
0
101
7
119
207
88
0
118
4
68
0
55
137
122
102
88
0
102
7
144
207
88
0
119
4
68
0
56
137
147
102
88
0
99
7
169
207
88
0
116
4
68
0
57
137
172
102
88
0
119
7
194
207
88
0
136
4
68
0
58
137
197
102
88
0
109
7
219
207
88
0
125
4
68
0
59
137
222
102
88
0
76
7
244
207
88
0
92
4
68
0
60
137
247
102
88
0
79
7
13
208
88
0
96
4
68
0
61
137
16
103
88
0
83
7
38
208
88
0
99
4
68
0
62
137
41
103
88
0
100
7
63
208
88
0
115
4
68
0
63
137
66
103
88
0
138
7
88
208
88
0
152
4
68
0
64
137
91
103
88
0
108
7
113
208
88
0
124
4
68
0
65
137
116
103
88
0
99
7
138
208
88
0
113
4
68
0
66
137
141
103
88
0
104
7
163
208
88
0
118
4
68
0
67
137
166
103
88
0
75
7
188
208
88
0
89
4
68
0
68
137
191
103
88
0
78
7
213
208
88
0
92
4
