 84
68
0
141
46
224
139
54
0
84
7
250
244
54
0
189
3
4
0
194
50
243
244
54
0
127
128
127
128
128
127
127
127
127
128
127
128
127
128
127
127
127
128
127
128
127
127
127
128
127
16
0
142
46
223
139
54
0
128
127
128
128
127
128
128
127
127
128
128
127
128
128
127
127
128
128
127
127
128
128
128
127
127
249
139
54
0
99
7
118
45
68
0
142
46
249
139
54
0
99
7
19
245
54
0
205
3
4
0
195
50
12
245
54
0
128
127
128
127
127
127
128
128
127
128
127
127
127
127
128
128
127
127
127
128
127
127
127
128
127
4
0
224
50
225
247
54
0
127
127
127
127
128
127
128
127
128
127
127
127
128
127
128
127
128
128
127
128
127
128
127
127
127
16
0
172
46
205
142
54
0
128
128
127
128
127
128
128
128
128
127
127
128
128
128
127
128
128
128
128
127
128
128
127
127
128
231
142
54
0
77
7
32
24
68
0
172
46
231
142
54
0
77
7
1
248
54
0
177
3
4
0
225
50
250
247
54
0
128
128
127
128
127
128
127
128
127
127
127
127
127
127
127
127
127
127
127
128
127
128
127
126
127
16
0
173
46
230
142
54
0
128
128
128
128
128
127
128
128
127
128
128
127
127
128
128
128
127
127
128
128
127
127
128
128
127
0
143
54
0
136
7
4
113
68
0
173
46
0
143
54
0
136
7
26
248
54
0
235
3
4
0
226
50
19
248
54
0
127
127
128
127
127
127
128
127
127
127
127
127
127
128
127
128
127
128
128
127
128
128
127
127
127
16
0
174
46
255
142
54
0
127
128
127
128
127
128
127
127
127
128
128
128
127
128
128
127
128
128
127
128
128
128
127
127
128
25
143
54
0
108
7
232
73
68
0
174
46
25
143
54
0
108
7
51
248
54
0
207
3
4
0
227
50
44
248
54
0
128
127
128
127
128
128
127
128
127
128
127
127
127
128
127
128
127
127
127
128
127
127
128
127
127
16
0
175
46
24
143
54
0
128
128
127
128
128
127
128
128
127
128
128
128
127
128
128
128
128
128
128
127
128
128
128
127
128
50
143
54
0
99
7
204
34
68
0
175
46
50
143
54
0
99
7
76
248
54
0
197
3
4
0
228
50
69
248
54
0
127
127
128
127
128
127
128
127
128
127
128
128
127
128
127
128
127
128
127
128
127
127
128
127
128
16
0
176
46
49
143
54
0
128
127
128
127
128
127
128
128
128
127
129
128
128
127
128
128
128
127
128
127
128
128
128
127
128
75
143
54
0
99
7
174
123
68
0
176
46
75
143
54
0
99
7
101
248
54
0
198
3
4
0
229
50
94
248
54
0
127
128
127
128
127
128
127
127
127
128
127
127
128
127
128
127
128
127
128
127
128
127
127
128
127
16
0
177
46
74
143
54
0
128
128
127
128
128
127
128
128
128
127
128
127
128
128
127
127
128
128
128
127
127
127
128
128
127
100
143
54
0
100
7
146
84
68
0
177
46
100
143
54
0
100
7
126
248
54
0
199
3
4
0
230
50
119
248
54
0
127
127
127
127
127
127
128
127
128
128
128
127
128
128
127
127
128
128
127
128
128
127
128
127
128
16
0
178
46
99
143
54
0
127
128
127
128
128
128
128
128
127
127
128
128
127
128
128
128
127
127
128
127
127
128
128
128
128
125
143
54
0
72
7
118
45
68
0
178
46
125
143
54
0
72
7
151
248
54
0
170
3
4
0
231
50
144
248
54
0
128
127
127
127
127
128
127
127
128
127
127
127
127
128
127
128
127
127
127
127
127
127
128
127
127
16
0
179
46
124
143
54
0
127
127
127
128
127
128
128
127
127
128
128
128
128
128
128
127
128
128
128
127
128
128
127
127
128
150
143
54
0
128
7
90
6
68
0
179
46
150
143
54
0
128
7
176
248
54
0
226
3
4
0
232
50
169
248
54
0
127
127
128
127
127
127
128
126
128
127
127
128
127
128
128
127
128
128
127
127
128
127
127
128
127
16
0
180
46
149
143
54
0
128
128
127
128
128
127
127
128
128
127
127
128
127
127
128
128
127
127
128
128
127
127
128
128
128
175
143
54
0
77
7
62
95
68
0
180
46
175
143
54
0
77
7
201
248
54
0
175
3
4
0
233
50
194
248
54
0
128
127
128
127
127
127
128
127
128
127
128
127
128
127
128
127
128
127
127
128
127
127
127
128
128
16
0
181
46
174
143
54
0
128
128
127
128
128
127
128
127
128
128
127
127
127
128
128
127
127
127
128
127
127
128
128
127
127
200
143
54
0
81
7
32
56
68
0
181
46
200
143
54
0
81
7
226
248
54
0
179
3
4
0
234
50
219
248
54
0
128
128
127
127
128
127
128
128
127
128
127
127
128
128
127
128
127
127
128
128
127
128
127
128
127
16
0
182
46
199
143
54
0
128
128
128
128
127
128
127
127
128
128
128
127
128
128
128
127
127
128
128
127
127
128
128
127
127
225
143
54
0
101
7
4
17
68
0
182
46
225
143
54
0
101
7
251
248
54
0
198
3
4
0
235
50
244
248
54
0
127
127
128
128
127
128
127
128
128
127
127
128
128
128
127
128
128
127
128
127
127
127
128
127
128
16
0
183
46
224
143
54
0
128
128
127
128
128
128
128
128
128
128
128
127
127
127
128
128
127
127
127
128
128
127
128
128
128
250
143
54
0
102
7
232
105
68
0
183
46
250
143
54
0
102
7
20
249
54
0
198
3
4
0
236
50
13
249
54
0
127
128
127
127
128
127
128
127
128
128
127
127
128
127
127
127
128
128
127
127
128
127
127
127
127
16
0
184
46
249
143
54
0
127
128
128
128
128
127
128
128
127
127
128
128
127
128
128
127
128
128
128
127
127
128
128
127
127
19
144
54
0
99
7
204
66
68
0
184
46
19
144
54
0
99
7
45
249
54
0
197
3
4
0
237
50
38
249
54
0
127
127
127
128
127
127
127
127
128
127
128
127
128
127
128
127
127
127
127
127
128
127
127
127
128
16
0
185
46
18
144
54
0
128
128
127
128
128
127
128
128
127
128
128
128
128
127
128
128
128
128
127
127
128
128
127
128
128
44
144
54
0
103
7
174
27
68
0
185
46
44
144
54
0
103
7
70
249
54
0
199
3
4
0
238
50
63
249
54
0
127
128
127
128
127
128
127
127
127
128
127
127
128
128
127
127
128
127
128
127
128
128
127
127
127
16
0
186
46
43
144
54
0
127
128
128
127
127
128
127
128
128
128
127
128
128
127
128
128
128
127
127
128
128
127
128
128
127
69
144
54
0
70
7
146
116
68
0
186
46
69
144
54
0
70
7
95
249
54
0
167
3
4
0
239
50
88
249
54
0
128
127
128
127
128
127
127
127
127
128
127
127
127
127
127
127
128
127
127
128
128
128
127
128
127
16
0
187
46
68
144
54
0
127
128
128
128
128
128
128
127
128
128
127
127
128
127
127
127
128
128
128
127
128
128
128
127
127
94
144
54
0
74
7
118
77
68
0
187
46
94
144
54
0
74
7
120
249
54
0
169
3
4
0
240
50
113
249
54
0
128
127
127
128
127
127
128
127
128
127
127
127
127
128
127
128
127
128
128
127
128
127
128
127
128
16
0
188
46
93
144
54
0
127
128
127
128
128
127
128
128
128
127
128
128
127
128
128
128
127
128
128
127
127
128
128
127
127
119
144
54
0
77
7
90
38
68
0
188
46
119
144
54
0
77
7
145
249
54
0
173
3
4
0
241
50
138
249
54
0
128
127
128
127
128
127
127
128
127
127
128
127
127
128
127
127
128
127
127
128
127
127
128
128
127
16
0
189
46
118
144
54
0
128
128
127
127
128
127
127
128
128
128
127
128
128
128
127
127
128
127
128
128
127
127
128
128
128
144
144
54
0
81
7
60
127
68
0
189
46
144
144
54
0
81
7
170
249
54
0
177
3
4
0
242
50
163
249
54
0
128
127
127
127
127
127
128
127
128
127
128
128
127
128
128
127
127
127
128
127
127
128
127
128
127
16
0
190
46
143
144
54
0
127
128
127
128
128
128
128
128
127
127
128
128
127
128
128
128
127
127
128
128
127
128
128
128
127
169
144
54
0
103
7
32
88
68
0
190
46
169
144
54
0
103
7
195
249
54
0
198
3
4
0
243
50
188
249
54
0
128
127
127
127
127
128
127
127
127
128
127
127
127
127
128
127
128
127
128
127
128
127
128
127
128
16
0
191
46
168
144
54
0
128
128
127
128
128
127
127
128
128
128
127
128
128
128
127
127
128
128
127
127
128
128
128
127
128
194
144
54
0
105
7
4
49
68
0
191
46
194
144
54
0
105
7
220
249
54
0
200
3
4
0
244
50
213
249
54
0
127
127
128
128
128
127
128
127
128
127
127
128
127
128
128
127
128
127
127
127
128
127
127
127
127
16
0
192
46
193
144
54
0
128
127
128
128
127
128
127
128
128
128
127
127
128
128
127
128
128
127
127
128
127
127
128
128
127
219
144
54
0
100
7
232
9
68
0
192
46
219
144
54
0
100
7
245
249
54
0
195
3
4
0
245
50
238
249
54
0
128
127
128
127
127
128
127
127
127
128
127
127
127
127
127
127
127
127
127
128
128
128
127
128
127
16
0
193
46
218
144
54
0
127
128
128
127
128
128
127
128
128
128
127
127
128
128
128
127
128
128
128
127
127
128
127
128
128
244
144
54
0
104
7
204
98
68
0
193
46
244
144
54
0
104
7
14
250
54
0
199
3
4
0
246
50
7
250
54
0
127
127
127
127
127
128
127
128
128
127
128
128
127
128
127
127
128
127
128
128
127
127
128
128
127
16
0
194
46
243
144
54
0
128
127
128
128
127
128
128
127
127
128
128
127
128
128
127
127
128
128
127
128
128
128
127
127
128
13
145
54
0
69
7
174
59
68
0
194
46
13
145
54
0
69
7
39
250
54
0
164
3
4
0
247
50
32
250
54
0
127
127
127
127
127
128
128
127
127
127
127
128
127
128
127
128
127
128
127
127
127
127
127
127
127
16
0
195
46
12
145
54
0
128
128
127
127
128
127
128
128
127
128
128
127
127
128
128
127
128
128
128
128
127
127
128
127
127
38
145
54
0
74
7
146
20
68
0
195
46
38
145
54
0
74
7
64
250
54
0
168
3
4
0
248
50
57
250
54
0
127
127
128
127
127
128
128
127
128
127
127
127
127
128
127
128
127
127
128
127
127
128
127
128
127
16
0
196
46
37
145
54
0
128
128
127
128
127
127
128
128
127
127
128
128
128
127
127
128
128
127
128
128
127
128
128
127
128
63
145
54
0
77
7
118
109
68
0
196
46
63
145
54
0
77
7
89
250
54
0
172
3
4
0
249
50
82
250
54
0
127
127
128
128
127
128
127
128
127
127
128
128
128
127
128
127
128
127
128
127
128
127
127
128
127
16
0
197
46
62
145
54
0
128
128
128
128
127
128
128
127
127
128
127
128
128
128
127
128
128
128
127
127
128
128
127
128
128
88
145
54
0
81
7
90
70
68
0
197
46
88
145
54
0
81
7
114
250
54
0
175
3
4
0
250
50
107
250
54
0
127
128
127
128
127
127
128
127
128
127
128
127
127
127
128
127
127
128
127
127
128
127
128
127
128
16
0
198
46
87
145
54
0
128
128
128
128
127
128
128
127
127
128
128
127
127
128
128
127
127
128
128
127
128
128
128
127
127
113
145
54
0
101
7
60
31
68
0
198
46
113
145
54
0
101
7
139
250
54
0
195
3
4
0
251
50
132
250
54
0
127
127
128
127
128
127
128
127
127
128
127
127
127
128
127
128
127
127
128
127
127
127
128
127
127
16
0
199
46
112
145
54
0
128
128
127
128
127
128
128
127
128
128
127
127
128
128
127
128
128
128
127
128
128
127
127
128
127
138
145
54
0
103
7
32
120
68
0
199
46
138
145
54
0
103
7
164
250
54
0
197
3
4
0
252
50
157
250
54
0
127
128
127
128
127
128
127
127
128
127
127
127
127
128
128
128
127
128
127
128
127
127
128
127
128
16
0
200
46
137
145
54
0
127
128
128
127
128
128
127
128
128
127
128
128
127
128
128
128
127
128
128
127
128
128
127
127
128
163
145
54
0
104
7
4
81
68
0
200
46
163
145
54
0
104
7
189
250
54
0
197
3
4
0
253
50
182
250
54
0
127
127
128
127
128
128
127
128
127
127
127
127
127
127
127
127
127
127
127
127
127
127
127
127
128
16
0
201
46
162
145
54
0
127
127
128
128
127
128
127
128
128
128
128
127
128
128
127
128
128
128
127
128
128
127
127
128
128
188
145
54
0
101
7
232
41
68
0
201
46
188
145
54
0
101
7
214
250
54
0
195
3
4
0
254
50
207
250
54
0
127
127
128
127
127
127
127
128
127
127
128
128
128
127
128
128
128
127
127
127
128
128
127
128
128
16
0
202
46
187
145
54
0
127
128
128
127
128
127
127
128
128
127
127
128
128
127
128
128
127
127
127
128
128
127
129
128
128
213
145
54
0
69
7
204
2
68
0
202
46
213
145
54
0
69
7
239
250
54
0
162
3
4
0
255
50
232
250
54
0
127
128
127
128
128
127
127
127
127
127
127
128
127
127
127
127
127
127
128
127
128
128
128
127
128
16
0
203
46
212
145
54
0
127
128
128
127
128
128
127
127
128
128
127
128
128
127
127
128
127
128
128
128
128
128
127
127
127
238
145
54
0
129
7
174
91
68
0
203
46
238
145
54
0
129
7
8
251
54
0
222
3
4
0
0
51
1
251
54
0
127
127
127
127
128
127
128
127
128
127
128
128
128
127
127
128
127
128
128
127
128
128
127
128
127
16
0
204
46
237
145
54
0
128
128
127
128
128
127
128
128
127
128
128
127
128
128
128
127
128
128
128
127
128
128
127
127
128
7
146
54
0
79
7
146
52
68
0
204
46
7
146
54
0
79
7
33
251
54
0
172
3
4
0
1
51
26
251
54
0
127
127
127
127
127
127
127
127
128
127
128
128
127
127
128
127
127
127
128
127
128
127
128
127
128
16
0
205
46
6
146
54
0
128
128
128
128
127
128
128
127
127
128
127
127
128
128
128
127
128
128
128
128
127
128
128
128
128
32
146
54
0
82
7
118
13
68
0
205
46
32
146
54
0
82
7
58
251
54
0
175
3
4
0
2
51
51
251
54
0
127
128
127
128
127
128
127
128
127
128
127
128
127
128
127
128
127
128
127
127
128
128
127
128
128
16
0
206
46
31
146
54
0
127
128
128
127
128
127
128
128
127
127
128
128
127
128
128
128
127
127
128
128
128
127
127
128
128
57
146
54
0
101
7
90
102
68
0
206
46
57
146
54
0
101
7
83
251
54
0
194
3
4
0
3
51
76
251
54
0
128
127
127
128
127
128
127
128
127
128
127
127
127
127
128
128
127
127
127
128
127
127
128
127
127
16
0
207
46
56
146
54
0
128
128
128
128
127
128
128
128
127
128
128
128
127
127
128
128
127
128
128
127
127
128
128
127
128
82
146
54
0
100
7
60
63
68
0
207
46
82
146
54
0
100
7
108
251
54
0
192
3
4
0
4
51
101
251
54
0
128
127
127
127
127
128
127
127
128
127
127
128
127
127
127
128
127
127
128
127
128
128
127
128
127
16
0
208
46
81
146
54
0
128
128
127
128
127
128
128
127
127
128
128
128
127
127
128
128
128
127
127
128
128
128
128
127
128
107
146
54
0
101
7
32
24
68
0
208
46
107
146
54
0
101
7
133
251
54
0
193
3
4
0
5
51
126
251
54
0
128
127
128
127
127
127
128
127
127
128
127
127
127
128
127
127
127
128
127
128
127
128
127
128
127
16
0
209
46
106
146
54
0
128
127
128
128
127
128
127
127
128
128
127
128
128
128
127
128
128
127
127
128
128
128
127
128
128
132
146
54
0
101
7
4
113
68
0
209
46
132
146
54
0
101
7
158
251
54
0
194
3
4
0
6
51
151
251
54
0
128
127
127
128
127
127
128
128
127
127
127
128
127
127
127
127
128
127
128
127
127
128
127
128
127
16
0
210
46
131
146
54
0
127
128
128
127
128
127
128
128
128
127
127
128
128
127
128
128
127
127
128
128
128
127
128
128
127
157
146
54
0
70
7
232
73
68
0
210
46
157
146
54
0
70
7
183
251
54
0
161
3
4
0
7
51
176
251
54
0
128
127
127
128
127
127
127
128
128
127
127
127
127
127
127
128
127
128
127
128
127
127
127
127
128
16
0
211
46
156
146
54
0
128
128
127
128
127
128
128
127
128
128
128
128
128
127
127
128
128
128
127
128
128
127
128
128
128
182
146
54
0
75
7
204
34
68
0
211
46
182
146
54
0
75
7
208
251
54
0
167
3
4
0
8
51
201
251
54
0
127
128
127
128
127
128
127
128
127
128
127
128
127
127
128
127
127
127
128
127
128
128
127
128
128
16
0
212
46
181
146
54
0
128
127
128
127
128
128
128
127
128
127
127
128
127
128
128
128
128
127
127
128
128
127
128
128
127
207
146
54
0
79
7
174
123
68
0
212
46
207
146
54
0
79
7
233
251
54
0
169
3
4
0
9
51
226
251
54
0
128
127
128
127
128
127
128
127
128
127
128
128
127
127
128
127
127
127
128
127
128
128
127
128
127
16
0
213
46
206
146
54
0
127
128
128
127
128
128
127
128
128
128
127
128
128
127
127
128
127
127
128
128
127
127
128
128
128
232
146
54
0
82
7
146
84
68
0
213
46
232
146
54
0
82
7
2
252
54
0
173
3
4
0
10
51
251
251
54
0
128
127
127
127
128
127
127
127
127
128
127
127
128
127
127
127
127
128
127
127
127
127
127
127
128
16
0
214
46
231
146
54
0
128
128
128
127
128
128
127
128
128
128
127
128
128
128
127
128
128
128
127
127
128
128
128
127
128
1
147
54
0
101
7
118
45
68
0
214
46
1
147
54
0
101
7
27
252
54
0
193
3
4
0
11
51
20
252
54
0
127
127
127
128
128
127
127
128
127
128
127
127
127
127
127
128
128
128
127
128
128
128
127
127
127
16
0
215
46
0
147
54
0
128
128
128
127
128
127
129
128
127
127
128
127
127
128
128
128
127
127
128
128
127
128
128
127
127
26
147
54
0
136
7
90
6
68
0
215
46
26
147
54
0
136
7
52
252
54
0
226
3
4
0
12
51
45
252
54
0
127
127
128
127
128
127
127
127
127
127
127
128
127
128
128
127
128
127
127
128
127
127
128
127
128
16
0
216
46
25
147
54
0
128
128
128
128
127
128
128
127
127
128
128
128
127
128
128
128
127
127
128
128
127
128
128
128
127
51
147
54
0
111
7
60
95
68
0
216
46
51
147
54
0
111
7
77
252
54
0
201
3
4
0
13
51
70
252
54
0
127
128
128
128
127
127
127
128
127
128
127
127
128
127
127
127
127
127
128
127
127
127
127
128
127
16
0
217
46
50
147
54
0
128
128
127
128
128
128
128
127
127
128
128
127
127
128
128
127
128
128
128
128
127
128
127
127
128
76
147
54
0
104
7
32
56
68
0
217
46
76
147
54
0
104
7
102
252
54
0
194
3
4
0
14
51
95
252
54
0
128
127
128
128
127
128
127
127
128
127
127
127
128
127
128
127
127
128
127
128
127
127
127
128
127
16
0
218
46
75
147
54
0
128
128
127
128
127
128
128
127
128
128
127
128
128
128
127
127
127
128
128
127
127
128
128
128
127
101
147
54
0
69
7
4
17
68
0
218
46
101
147
54
0
69
7
127
252
54
0
159
3
4
0
15
51
120
252
54
0
127
127
128
127
127
128
127
127
127
128
127
127
128
127
128
127
127
128
127
128
127
128
127
128
127
16
0
219
46
100
147
54
0
127
128
128
127
128
128
128
127
128
128
127
127
128
128
128
127
127
128
128
127
128
128
127
127
128
126
147
54
0
73
7
232
105
68
0
219
46
126
147
54
0
73
7
152
252
54
0
162
3
4
0
16
51
145
252
54
0
128
128
127
127
128
128
127
128
127
128
127
127
128
128
127
127
128
127
128
128
128
127
128
127
128
16
0
220
46
125
147
54
0
128
128
128
128
128
128
128
127
128
128
128
128
127
127
127
128
128
128
127
128
128
128
127
127
127
151
147
54
0
78
7
204
66
68
0
220
46
151
147
54
0
78
7
177
252
54
0
167
3
4
0
17
51
170
252
54
0
127
127
127
128
127
128
127
127
127
127
127
128
127
127
127
128
127
127
127
128
127
128
127
127
127
16
0
221
46
150
147
54
0
128
128
127
127
127
128
128
128
127
128
128
127
128
128
127
127
128
128
128
127
128
128
127
128
128
176
147
54
0
81
7
174
27
68
0
221
46
176
147
54
0
81
7
202
252
54
0
171
3
4
0
18
51
195
252
54
0
128
127
128
127
128
128
127
127
128
127
128
128
128
127
128
127
127
128
127
128
127
127
128
127
128
16
0
222
46
175
147
54
0
127
128
128
127
128
127
127
128
128
127
127
128
128
128
127
127
128
127
127
127
128
128
128
127
127
201
147
54
0
101
7
146
116
68
0
222
46
201
147
54
0
101
7
227
252
54
0
190
3
4
0
19
51
220
252
54
0
128
127
128
127
128
127
127
127
127
128
128
128
127
128
127
128
127
127
127
128
127
127
127
128
127
16
0
223
46
200
147
54
0
128
127
128
128
127
128
127
127
128
128
128
127
128
128
127
127
128
128
128
127
128
128
128
127
128
226
147
54
0
102
7
118
77
68
0
223
46
226
147
54
0
102
7
252
252
54
0
191
3
4
0
20
51
245
252
54
0
128
127
128
128
127
128
127
128
127
127
128
128
128
127
128
127
127
127
127
128
127
127
128
127
128
16
0
224
46
225
147
54
0
128
128
128
128
127
128
127
128
128
127
127
128
128
127
127
128
128
128
128
127
128
128
128
128
127
251
147
54
0
104
7
90
38
68
0
224
46
251
147
54
0
104
7
21
253
54
0
192
3
4
0
21
51
14
253
54
0
127
128
128
127
127
127
128
127
127
127
128
127
127
127
127
127
128
127
128
127
128
127
128
127
128
16
0
225
46
250
147
54
0
128
128
127
128
127
128
127
127
128
128
127
127
128
128
128
128
127
127
127
128
128
127
127
128
128
20
148
54
0
105
7
60
127
68
0
225
46
20
148
54
0
105
7
46
253
54
0
193
3
4
0
22
51
39
253
54
0
128
127
128
127
127
127
128
127
128
128
127
127
128
128
128
127
127
128
127
127
127
127
128
127
128
16
0
226
46
19
148
54
0
127
128
128
127
128
127
128
128
127
127
128
128
127
128
128
128
128
128
128
127
127
128
128
127
128
45
148
54
0
69
7
32
88
68
0
226
46
45
148
54
0
69
7
71
253
54
0
158
3
4
0
23
51
64
253
54
0
127
127
127
128
128
127
127
127
128
127
128
128
127
127
128
127
127
127
128
127
127
127
127
128
127
16
0
227
46
44
148
54
0
128
128
127
128
127
128
128
127
127
128
128
127
127
128
128
128
127
127
127
128
128
128
127
127
128
70
148
54
0
128
7
4
49
68
0
227
46
70
148
54
0
128
7
96
253
54
0
216
3
4
0
24
51
89
253
54
0
127
128
127
127
128
127
128
128
127
128
127
127
127
128
128
128
128
127
127
128
127
128
128
127
128
16
0
228
46
69
148
54
0
127
128
128
127
128
128
128
128
128
128
128
128
127
127
128
128
127
127
128
128
127
128
128
128
127
95
148
54
0
112
7
232
9
68
0
228
46
95
148
54
0
112
7
121
253
54
0
200
3
4
0
25
51
114
253
54
0
127
128
127
128
127
128
128
127
127
127
128
127
127
127
127
128
128
127
128
128
127
128
127
128
127
16
0
229
46
94
148
54
0
128
128
127
128
128
128
128
127
127
127
128
128
127
128
128
127
127
127
128
127
128
128
128
127
127
120
148
54
0
82
7
204
98
68
0
229
46
120
148
54
0
82
7
146
253
54
0
169
3
4
0
26
51
139
253
54
0
128
128
127
128
127
127
128
128
127
128
127
127
127
128
127
127
127
128
127
128
127
127
128
127
127
16
0
230
46
119
148
54
0
128
128
127
128
127
128
128
127
127
128
128
127
127
128
128
128
128
128
128
128
127
128
128
128
127
145
148
54
0
103
7
174
59
68
0
230
46
145
148
54
0
103
7
171
253
54
0
191
3
4
0
27
51
164
253
54
0
127
127
128
127
127
127
128
127
128
127
128
127
128
128
127
128
127
127
128
127
128
127
128
127
128
16
0
231
46
144
148
54
0
128
128
128
128
128
128
127
128
128
128
127
128
128
128
127
128
128
127
127
128
128
128
127
128
128
170
148
54
0
104
7
146
20
68
0
231
46
170
148
54
0
104
7
196
253
54
0
192
3
4
0
28
51
189
253
54
0
127
128
127
127
128
128
127
128
127
127
127
128
127
127
128
127
128
127
128
127
127
128
127
128
128
16
0
232
46
169
148
54
0
127
129
128
127
128
127
128
128
127
127
127
128
127
127
128
128
127
128
127
128
128
127
128
128
127
195
148
54
0
103
7
118
109
68
0
232
46
195
148
54
0
103
7
221
253
54
0
190
3
4
0
29
51
214
253
54
0
127
127
128
127
128
127
128
127
127
127
128
128
128
128
127
127
127
127
127
127
127
128
127
127
127
16
0
233
46
194
148
54
0
127
128
128
127
128
128
127
127
128
128
128
127
128
128
127
127
128
128
128
128
127
128
127
127
128
220
148
54
0
120
7
90
70
68
0
233
46
220
148
54
0
120
7
246
253
54
0
207
3
4
0
30
51
239
253
54
0
128
127
128
127
128
128
127
128
127
128
128
127
127
128
127
127
127
128
128
127
128
128
128
127
128
16
0
234
46
219
148
54
0
128
127
128
127
128
127
127
127
128
128
128
127
128
128
127
127
128
128
127
128
128
127
127
128
128
245
148
54
0
108
7
60
31
68
0
234
46
245
148
54
0
108
7
15
254
54
0
195
3
4
0
31
51
8
254
54
0
127
128
127
127
128
128
127
128
127
128
127
127
127
127
128
127
127
128
128
127
127
127
128
127
128
16
0
235
46
244
148
54
0
128
128
127
128
127
128
128
127
127
128
128
127
127
128
128
127
128
128
128
127
127
128
128
127
127
14
149
54
0
75
7
32
120
68
0
235
46
14
149
54
0
75
7
40
254
54
0
162
3
4
0
32
51
33
254
54
0
127
127
128
127
127
128
127
128
127
128
127
127
128
127
127
127
127
128
128
127
127
127
127
128
127
16
0
236
46
13
149
54
0
128
128
128
127
128
127
127
128
128
127
127
128
128
128
127
128
128
128
127
128
128
127
128
128
127
39
149
54
0
80
7
4
81
68
0
236
46
39
149
54
0
80
7
65
254
54
0
166
3
4
0
33
51
58
254
54
0
127
128
127
127
128
127
128
127
127
127
128
127
128
128
128
128
127
127
127
128
128
128
127
128
127
16
0
237
46
38
149
54
0
127
128
127
128
127
128
128
127
127
128
128
128
127
128
128
128
127
128
128
127
127
128
128
127
127
64
149
54
0
84
7
232
41
68
0
237
46
64
149
54
0
84
7
90
254
54
0
170
3
4
0
34
51
83
254
54
0
128
128
127
127
128
127
127
128
128
127
128
127
128
127
128
127
128
127
127
127
127
128
127
128
127
16
0
238
46
63
149
54
0
128
128
128
127
128
127
127
128
128
127
128
128
128
127
128
128
128
127
127
128
128
128
127
128
128
89
149
54
0
96
7
204
2
68
0
238
46
89
149
54
0
96
7
115
254
54
0
183
3
4
0
35
51
108
254
54
0
127
128
127
128
128
127
127
127
127
127
127
128
127
127
127
128
127
128
127
128
127
128
127
127
127
16
0
239
46
88
149
54
0
127
127
128
127
128
128
127
128
128
127
127
128
128
127
127
128
127
127
127
127
128
128
127
127
128
114
149
54
0
137
7
174
91
68
0
239
46
114
149
54
0
137
7
140
254
54
0
223
3
4
0
36
51
133
254
54
0
128
127
128
128
127
127
128
127
128
127
127
127
128
128
127
128
127
128
127
127
128
128
127
127
127
16
0
240
46
113
149
54
0
128
128
128
127
128
127
128
128
127
127
128
128
127
127
128
128
127
128
128
127
128
128
128
127
127
139
149
54
0
108
7
146
52
68
0
240
46
139
149
54
0
108
7
165
254
54
0
193
3
4
0
37
51
158
254
54
0
127
128
127
127
127
128
127
127
127
127
127
128
127
128
127
128
128
127
128
127
128
128
127
128
127
16
0
241
46
138
149
54
0
128
128
127
128
127
128
127
127
127
128
128
128
127
128
128
127
127
127
128
128
128
127
128
128
128
164
149
54
0
100
7
118
13
68
0
241
46
164
149
54
0
100
7
190
254
54
0
186
3
4
0
38
51
183
254
54
0
128
127
128
127
127
127
128
127
127
127
127
128
127
127
127
127
128
128
127
127
127
127
128
128
128
16
0
242
46
163
149
54
0
127
128
128
127
128
127
128
128
127
127
128
128
127
128
128
128
128
127
127
128
128
127
127
128
128
189
149
54
0
70
7
90
102
68
0
242
46
189
149
54
0
70
7
215
254
54
0
155
3
4
0
39
51
208
254
54
0
127
128
127
128
128
127
127
128
127
128
127
127
127
128
127
127
127
127
127
127
128
127
127
128
127
16
0
243
46
188
149
54
0
128
127
128
127
128
128
127
127
128
127
127
128
128
127
128
128
128
127
127
128
128
127
128
128
128
214
149
54
0
74
7
60
63
68
0
243
46
214
149
54
0
74
7
240
254
54
0
159
3
4
0
40
51
233
254
54
0
128
128
127
127
128
127
127
128
127
128
128
128
127
127
127
127
128
127
127
127
128
128
127
128
128
16
0
244
46
213
149
54
0
127
127
128
128
127
128
128
127
128
128
128
127
128
128
127
127
128
128
128
127
128
128
127
127
127
239
149
54
0
78
7
32
24
68
0
244
46
239
149
54
0
78
7
9
255
54
0
162
3
4
0
41
51
2
255
54
0
128
128
127
127
128
127
127
127
128
127
127
127
128
128
127
128
127
127
127
127
127
127
128
127
128
16
0
245
46
238
149
54
0
128
128
127
128
128
127
128
127
127
127
128
127
127
127
128
128
127
127
128
128
127
127
128
128
127
8
150
54
0
135
7
4
113
68
0
245
46
8
150
54
0
135
7
34
255
54
0
219
3
4
0
42
51
27
255
54
0
127
128
127
127
128
127
128
128
127
128
127
127
127
128
127
127
128
127
128
127
128
127
127
128
127
16
0
246
46
7
150
54
0
128
128
127
128
128
128
128
128
128
128
128
128
128
127
127
128
128
128
128
128
127
128
127
127
127
33
150
54
0
108
7
232
73
68
0
246
46
33
150
54
0
108
7
59
255
54
0
194
3
4
0
43
51
52
255
54
0
128
127
127
128
127
128
127
128
127
127
127
127
127
128
128
127
128
127
127
127
127
127
127
128
128
16
0
247
46
32
150
54
0
128
127
128
128
128
128
127
127
128
127
128
128
128
128
127
128
128
128
128
127
127
128
127
128
128
58
150
54
0
99
7
204
34
68
0
247
46
58
150
54
0
99
7
84
255
54
0
183
3
4
0
44
51
77
255
54
0
127
128
127
128
127
128
127
127
127
127
128
127
127
127
127
127
128
127
127
127
127
127
128
127
128
16
0
248
46
57
150
54
0
128
127
128
127
128
127
128
128
127
127
128
128
128
127
128
128
127
127
128
128
127
127
128
128
127
83
150
54
0
100
7
174
123
68
0
248
46
83
150
54
0
100
7
109
255
54
0
184
3
4
0
45
51
102
255
54
0
128
127
128
127
127
128
127
128
127
128
127
127
127
127
127
127
127
127
128
127
127
127
127
128
127
16
0
249
46
82
150
54
0
127
128
128
128
128
128
128
127
127
128
127
128
128
128
127
127
128
127
128
128
127
127
128
127
127
108
150
54
0
105
7
146
84
68
0
249
46
108
150
54
0
105
7
134
255
54
0
188
3
4
0
46
51
127
255
54
0
127
127
127
127
128
128
127
128
127
128
127
128
128
128
127
127
128
127
128
127
127
127
127
128
127
16
0
250
46
107
150
54
0
128
128
128
127
128
128
127
127
128
128
128
127
127
128
128
127
127
128
128
127
127
128
128
127
128
133
150
54
0
70
7
118
45
68
0
250
46
133
150
54
0
70
7
159
255
54
0
154
3
4
0
47
51
152
255
54
0
128
128
127
127
127
127
128
127
128
128
127
128
127
127
128
127
127
128
127
128
127
128
127
127
128
16
0
251
46
132
150
54
0
128
128
128
128
127
127
127
128
128
128
127
127
128
128
128
128
127
127
128
127
127
128
128
128
127
158
150
54
0
128
7
90
6
68
0
251
46
158
150
54
0
128
7
184
255
54
0
211
3
4
0
48
51
177
255
54
0
127
128
128
127
127
127
128
127
128
127
128
127
128
127
127
127
127
127
127
127
128
128
127
127
128
16
0
252
46
157
150
54
0
128
128
128
127
128
128
127
128
128
128
127
128
128
128
127
128
128
128
128
127
128
128
128
127
128
183
150
54
0
111
7
60
95
68
0
252
46
183
150
54
0
111
7
209
255
54
0
194
3
4
0
49
51
202
255
54
0
127
128
127
127
127
127
128
128
128
127
127
127
128
127
127
128
127
128
128
128
127
127
128
127
128
16
0
253
46
182
150
54
0
128
127
127
128
127
128
128
127
128
128
127
128
128
127
128
128
128
127
128
128
127
128
128
128
128
208
150
54
0
82
7
32
56
68
0
253
46
208
150
54
0
82
7
234
255
54
0
165
3
4
0
50
51
227
255
54
0
127
128
127
128
127
128
128
127
128
127
128
128
127
128
127
127
128
127
128
127
128
128
127
128
127
16
0
254
46
207
150
54
0
127
128
127
129
128
127
128
128
128
127
128
128
128
127
127
128
128
127
127
128
128
127
128
128
127
233
150
54
0
104
7
4
17
68
0
254
46
233
150
54
0
104
7
3
0
55
0
186
3
4
0
51
51
252
255
54
0
128
127
128
127
127
127
127
127
127
127
127
127
127
128
127
127
127
127
127
128
127
127
128
127
128
16
0
255
46
232
150
54
0
128
128
127
128
128
128
128
128
127
128
128
128
127
128
128
128
127
127
128
128
127
128
128
127
127
2
151
54
0
104
7
232
105
68
0
255
46
2
151
54
0
104
7
28
0
55
0
187
3
4
0
52
51
21
0
55
0
127
127
127
127
127
127
128
127
128
127
127
128
127
127
128
127
127
127
127
127
127
127
128
127
128
16
0
0
47
1
151
54
0
128
127
128
127
128
128
127
128
128
127
127
127
128
128
127
127
128
128
128
127
128
128
128
127
128
27
151
54
0
102
7
204
66
68
0
0
47
27
151
54
0
102
7
53
0
55
0
184
3
4
0
53
51
46
0
55
0
127
127
127
128
127
128
127
128
127
128
127
128
128
128
127
128
127
127
128
127
127
127
127
127
128
16
0
1
47
26
151
54
0
128
128
127
128
128
127
128
128
127
128
128
128
127
128
128
128
127
127
128
128
128
127
127
128
128
52
151
54
0
104
7
174
27
68
0
1
47
52
151
54
0
104
7
78
0
55
0
186
3
4
0
54
51
71
0
55
0
128
127
128
127
127
128
127
128
127
127
128
128
127
127
128
127
127
128
127
128
127
128
128
128
127
16
0
2
47
51
151
54
0
127
128
127
128
128
128
128
127
127
128
128
127
127
128
128
128
127
127
128
128
127
127
128
128
127
77
151
54
0
70
7
146
116
68
0
2
47
77
151
54
0
70
7
103
0
55
0
152
3
4
0
55
51
96
0
55
0
128
127
127
127
128
127
128
127
127
127
127
127
128
127
128
128
127
127
127
128
127
127
127
128
127
16
0
3
47
76
151
54
0
128
128
128
127
128
128
127
128
128
128
127
127
128
128
128
127
128
127
128
128
127
129
128
128
127
102
151
54
0
73
7
118
77
68
0
3
47
102
151
54
0
73
7
128
0
55
0
155
3
4
0
56
51
121
0
55
0
128
127
128
127
127
128
127
128
127
128
127
127
127
128
127
127
128
128
127
128
127
127
128
127
127
16
0
4
47
101
151
54
0
128
128
127
127
128
127
128
128
128
127
128
128
128
127
128
128
128
128
128
127
127
128
128
127
128
127
151
54
0
77
7
90
38
68
0
4
47
127
151
54
0
77
7
153
0
55
0
159
3
4
0
57
51
146
0
55
0
128
127
127
128
128
127
128
127
127
127
127
127
127
127
127
128
127
127
127
128
128
128
128
127
127
16
0
5
47
126
151
54
0
128
128
127
128
128
128
127
127
128
128
128
127
127
128
128
128
127
127
128
127
127
127
128
128
127
152
151
54
0
82
7
60
127
68
0
5
47
152
151
54
0
82
7
178
0
55
0
163
3
4
0
58
51
171
0
55
0
128
127
128
127
128
127
127
128
127
127
127
127
127
127
127
127
127
128
127
127
128
128
128
127
128
16
0
6
47
151
151
54
0
128
128
127
128
128
128
128
128
128
127
127
127
128
127
128
128
128
127
128
127
128
128
128
127
127
177
151
54
0
98
7
32
88
68
0
6
47
177
151
54
0
98
7
203
0
55
0
179
3
4
0
59
51
196
0
55
0
127
128
127
127
128
127
127
128
128
127
128
127
128
128
127
128
