 68
0
127
229
130
105
147
0
101
7
144
210
147
0
145
7
68
0
128
229
155
105
147
0
103
7
169
210
147
0
146
7
68
0
129
229
180
105
147
0
103
7
194
210
147
0
147
7
68
0
130
229
205
105
147
0
104
7
219
210
147
0
147
7
68
0
131
229
230
105
147
0
75
7
244
210
147
0
118
7
68
0
132
229
255
105
147
0
78
7
13
211
147
0
120
7
68
0
133
229
24
106
147
0
81
7
38
211
147
0
124
7
68
0
134
229
49
106
147
0
103
7
63
211
147
0
145
7
68
0
135
229
74
106
147
0
104
7
88
211
147
0
146
7
68
0
136
229
99
106
147
0
103
7
113
211
147
0
145
7
68
0
137
229
124
106
147
0
103
7
138
211
147
0
145
7
68
0
138
229
149
106
147
0
69
7
163
211
147
0
111
7
68
0
139
229
174
106
147
0
73
7
188
211
147
0
114
7
68
0
140
229
199
106
147
0
78
7
213
211
147
0
119
7
68
0
141
229
224
106
147
0
81
7
238
211
147
0
122
7
68
0
142
229
249
106
147
0
100
7
7
212
147
0
141
7
68
0
143
229
18
107
147
0
101
7
32
212
147
0
140
7
68
0
144
229
43
107
147
0
98
7
57
212
147
0
138
7
68
0
145
229
68
107
147
0
102
7
82
212
147
0
142
7
68
0
146
229
93
107
147
0
69
7
107
212
147
0
109
7
68
0
147
229
118
107
147
0
73
7
132
212
147
0
112
7
68
0
148
229
143
107
147
0
78
7
157
212
147
0
116
7
68
0
149
229
168
107
147
0
137
7
182
212
147
0
175
7
68
0
150
229
193
107
147
0
107
7
207
212
147
0
146
7
68
0
151
229
218
107
147
0
98
7
232
212
147
0
136
7
68
0
152
229
243
107
147
0
100
7
1
213
147
0
138
7
68
0
153
229
12
108
147
0
101
7
26
213
147
0
138
7
68
0
154
229
37
108
147
0
71
7
51
213
147
0
109
7
68
0
155
229
62
108
147
0
127
7
76
213
147
0
164
7
68
0
156
229
87
108
147
0
78
7
101
213
147
0
115
7
68
0
157
229
112
108
147
0
82
7
126
213
147
0
118
7
68
0
158
229
137
108
147
0
103
7
151
213
147
0
140
7
68
0
159
229
162
108
147
0
104
7
176
213
147
0
140
7
68
0
160
229
187
108
147
0
103
7
201
213
147
0
139
7
68
0
161
229
212
108
147
0
104
7
226
213
147
0
140
7
68
0
162
229
237
108
147
0
69
7
251
213
147
0
105
7
68
0
163
229
6
109
147
0
73
7
20
214
147
0
109
7
68
0
164
229
31
109
147
0
78
7
45
214
147
0
113
7
68
0
165
229
56
109
147
0
82
7
70
214
147
0
117
7
68
0
166
229
81
109
147
0
103
7
95
214
147
0
138
7
68
0
167
229
106
109
147
0
104
7
120
214
147
0
139
7
68
0
168
229
131
109
147
0
100
7
145
214
147
0
134
7
68
0
169
229
156
109
147
0
105
7
170
214
147
0
139
7
68
0
170
229
181
109
147
0
69
7
195
214
147
0
103
7
68
0
171
229
206
109
147
0
73
7
220
214
147
0
106
7
68
0
172
229
231
109
147
0
77
7
245
214
147
0
110
7
68
0
173
229
0
110
147
0
82
7
14
215
147
0
115
7
68
0
174
229
25
110
147
0
98
7
39
215
147
0
131
7
68
0
175
229
50
110
147
0
99
7
64
215
147
0
131
7
68
0
176
229
75
110
147
0
100
7
89
215
147
0
132
7
68
0
177
229
100
110
147
0
102
7
114
215
147
0
133
7
68
0
178
229
125
110
147
0
69
7
139
215
147
0
101
7
68
0
179
229
150
110
147
0
128
7
164
215
147
0
160
7
68
0
180
229
175
110
147
0
78
7
189
215
147
0
109
7
68
0
181
229
200
110
147
0
83
7
214
215
147
0
114
7
68
0
182
229
225
110
147
0
102
7
239
215
147
0
132
7
68
0
183
229
250
110
147
0
99
7
8
216
147
0
130
7
68
0
184
229
19
111
147
0
100
7
33
216
147
0
130
7
68
0
185
229
44
111
147
0
102
7
58
216
147
0
132
7
68
0
186
229
69
111
147
0
71
7
83
216
147
0
100
7
68
0
187
229
94
111
147
0
74
7
108
216
147
0
104
7
68
0
188
229
119
111
147
0
78
7
133
216
147
0
108
7
68
0
189
229
144
111
147
0
83
7
158
216
147
0
112
7
68
0
190
229
169
111
147
0
105
7
183
216
147
0
134
7
68
0
191
229
194
111
147
0
90
7
208
216
147
0
119
7
68
0
192
229
219
111
147
0
101
7
233
216
147
0
130
7
68
0
193
229
244
111
147
0
103
7
2
217
147
0
131
7
68
0
194
229
13
112
147
0
104
7
27
217
147
0
131
7
68
0
195
229
38
112
147
0
74
7
52
217
147
0
102
7
68
0
196
229
63
112
147
0
78
7
77
217
147
0
105
7
68
0
197
229
88
112
147
0
83
7
102
217
147
0
110
7
68
0
198
229
113
112
147
0
103
7
127
217
147
0
129
7
68
0
199
229
138
112
147
0
103
7
152
217
147
0
130
7
68
0
200
229
163
112
147
0
104
7
177
217
147
0
130
7
68
0
201
229
188
112
147
0
103
7
202
217
147
0
129
7
68
0
202
229
213
112
147
0
104
7
227
217
147
0
130
7
68
0
203
229
238
112
147
0
74
7
252
217
147
0
100
7
68
0
204
229
7
113
147
0
79
7
21
218
147
0
104
7
68
0
205
229
32
113
147
0
83
7
46
218
147
0
108
7
68
0
206
229
57
113
147
0
100
7
71
218
147
0
125
7
68
0
207
229
82
113
147
0
100
7
96
218
147
0
125
7
68
0
208
229
107
113
147
0
101
7
121
218
147
0
126
7
68
0
209
229
132
113
147
0
118
7
146
218
147
0
142
7
68
0
210
229
157
113
147
0
108
7
171
218
147
0
132
7
68
0
211
229
182
113
147
0
74
7
196
218
147
0
98
7
68
0
212
229
207
113
147
0
78
7
221
218
147
0
102
7
68
0
213
229
232
113
147
0
82
7
246
218
147
0
105
7
68
0
214
229
1
114
147
0
102
7
15
219
147
0
125
7
68
0
215
229
26
114
147
0
136
7
40
219
147
0
160
7
68
0
216
229
51
114
147
0
110
7
65
219
147
0
133
7
68
0
217
229
76
114
147
0
101
7
90
219
147
0
124
7
68
0
218
229
101
114
147
0
70
7
115
219
147
0
92
7
68
0
219
229
126
114
147
0
74
7
140
219
147
0
96
7
68
0
220
229
151
114
147
0
77
7
165
219
147
0
99
7
68
0
221
229
176
114
147
0
136
7
190
219
147
0
157
7
68
0
222
229
201
114
147
0
108
7
215
219
147
0
128
7
68
0
223
229
226
114
147
0
102
7
240
219
147
0
123
7
68
0
224
229
251
114
147
0
102
7
9
220
147
0
123
7
68
0
225
229
20
115
147
0
103
7
34
220
147
0
124
7
68
0
226
229
45
115
147
0
105
7
59
220
147
0
125
7
68
0
227
229
70
115
147
0
76
7
84
220
147
0
95
7
68
0
228
229
95
115
147
0
77
7
109
220
147
0
97
7
68
0
229
229
120
115
147
0
81
7
134
220
147
0
101
7
68
0
230
229
145
115
147
0
104
7
159
220
147
0
123
7
68
0
231
229
170
115
147
0
105
7
184
220
147
0
123
7
68
0
232
229
195
115
147
0
102
7
209
220
147
0
121
7
68
0
233
229
220
115
147
0
103
7
234
220
147
0
122
7
68
0
234
229
245
115
147
0
70
7
3
221
147
0
88
7
68
0
235
229
14
116
147
0
74
7
28
221
147
0
92
7
68
0
236
229
39
116
147
0
77
7
53
221
147
0
95
7
68
0
237
229
64
116
147
0
81
7
78
221
147
0
99
7
68
0
238
229
89
116
147
0
101
7
103
221
147
0
118
7
68
0
239
229
114
116
147
0
102
7
128
221
147
0
119
7
68
0
240
229
139
116
147
0
97
7
153
221
147
0
115
7
68
0
241
229
164
116
147
0
101
7
178
221
147
0
118
7
68
0
242
229
189
116
147
0
69
7
203
221
147
0
86
7
68
0
243
229
214
116
147
0
74
7
228
221
147
0
90
7
68
0
244
229
239
116
147
0
77
7
253
221
147
0
94
7
68
0
245
229
8
117
147
0
136
7
22
222
147
0
151
7
68
0
246
229
33
117
147
0
107
7
47
222
147
0
123
7
68
0
247
229
58
117
147
0
99
7
72
222
147
0
114
7
68
0
248
229
83
117
147
0
99
7
97
222
147
0
114
7
68
0
249
229
108
117
147
0
100
7
122
222
147
0
115
7
68
0
250
229
133
117
147
0
71
7
147
222
147
0
85
7
68
0
251
229
158
117
147
0
128
7
172
222
147
0
143
7
68
0
252
229
183
117
147
0
77
7
197
222
147
0
91
7
68
0
253
229
208
117
147
0
81
7
222
222
147
0
96
7
68
0
254
229
233
117
147
0
103
7
247
222
147
0
116
7
68
0
255
229
2
118
147
0
105
7
16
223
147
0
118
7
68
0
0
230
27
118
147
0
103
7
41
223
147
0
116
7
68
0
1
230
52
118
147
0
103
7
66
223
147
0
116
7
68
0
2
230
77
118
147
0
69
7
91
223
147
0
82
7
68
0
3
230
102
118
147
0
74
7
116
223
147
0
86
7
68
0
4
230
127
118
147
0
78
7
141
223
147
0
90
7
68
0
5
230
152
118
147
0
81
7
166
223
147
0
93
7
68
0
6
230
177
118
147
0
103
7
191
223
147
0
115
7
68
0
7
230
202
118
147
0
105
7
216
223
147
0
116
7
68
0
8
230
227
118
147
0
101
7
241
223
147
0
112
7
68
0
9
230
252
118
147
0
104
7
10
224
147
0
115
7
68
0
10
230
21
119
147
0
69
7
35
224
147
0
80
7
68
0
11
230
46
119
147
0
74
7
60
224
147
0
85
7
68
0
12
230
71
119
147
0
78
7
85
224
147
0
88
7
68
0
13
230
96
119
147
0
81
7
110
224
147
0
92
7
68
0
14
230
121
119
147
0
98
7
135
224
147
0
107
7
68
0
15
230
146
119
147
0
100
7
160
224
147
0
110
7
68
0
16
230
171
119
147
0
101
7
185
224
147
0
110
7
68
0
17
230
196
119
147
0
101
7
210
224
147
0
110
7
68
0
18
230
221
119
147
0
69
7
235
224
147
0
78
7
68
0
19
230
246
119
147
0
129
7
4
225
147
0
137
7
68
0
20
230
15
120
147
0
79
7
29
225
147
0
88
7
68
0
21
230
40
120
147
0
82
7
54
225
147
0
90
7
68
0
22
230
65
120
147
0
101
7
79
225
147
0
109
7
68
0
23
230
90
120
147
0
99
7
104
225
147
0
107
7
68
0
24
230
115
120
147
0
101
7
129
225
147
0
108
7
68
0
25
230
140
120
147
0
101
7
154
225
147
0
108
7
68
0
26
230
165
120
147
0
70
7
179
225
147
0
77
7
68
0
27
230
190
120
147
0
74
7
204
225
147
0
80
7
68
0
28
230
215
120
147
0
79
7
229
225
147
0
85
7
68
0
29
230
240
120
147
0
82
7
254
225
147
0
89
7
68
0
30
230
9
121
147
0
104
7
23
226
147
0
110
7
68
0
31
230
34
121
147
0
90
7
48
226
147
0
96
7
68
0
32
230
59
121
147
0
102
7
73
226
147
0
107
7
68
0
33
230
84
121
147
0
102
7
98
226
147
0
108
7
68
0
34
230
109
121
147
0
103
7
123
226
147
0
108
7
68
0
35
230
134
121
147
0
74
7
148
226
147
0
79
7
68
0
36
230
159
121
147
0
79
7
173
226
147
0
83
7
68
0
37
230
184
121
147
0
82
7
198
226
147
0
87
7
68
0
38
230
209
121
147
0
102
7
223
226
147
0
107
7
68
0
39
230
234
121
147
0
103
7
248
226
147
0
107
7
68
0
40
230
3
122
147
0
105
7
17
227
147
0
108
7
68
0
41
230
28
122
147
0
103
7
42
227
147
0
106
7
68
0
42
230
53
122
147
0
103
7
67
227
147
0
107
7
68
0
43
230
78
122
147
0
74
7
92
227
147
0
77
7
68
0
44
230
103
122
147
0
80
7
117
227
147
0
83
7
68
0
45
230
128
122
147
0
84
7
142
227
147
0
85
7
68
0
46
230
153
122
147
0
99
7
167
227
147
0
101
7
68
0
47
230
178
122
147
0
100
7
192
227
147
0
102
7
68
0
48
230
203
122
147
0
102
7
217
227
147
0
103
7
68
0
49
230
228
122
147
0
119
7
242
227
147
0
120
7
68
0
50
230
253
122
147
0
107
7
11
228
147
0
108
7
68
0
51
230
22
123
147
0
74
7
36
228
147
0
75
7
68
0
52
230
47
123
147
0
79
7
61
228
147
0
80
7
68
0
53
230
72
123
147
0
83
7
86
228
147
0
83
7
68
0
54
230
97
123
147
0
101
7
111
228
147
0
101
7
68
0
55
230
122
123
147
0
136
7
136
228
147
0
136
7
68
0
56
230
147
123
147
0
111
7
161
228
147
0
111
7
68
0
57
230
172
123
147
0
102
7
186
228
147
0
101
7
68
0
58
230
197
123
147
0
69
7
211
228
147
0
69
7
68
0
59
230
222
123
147
0
73
7
236
228
147
0
72
7
68
0
60
230
247
123
147
0
78
7
5
229
147
0
77
7
68
0
61
230
16
124
147
0
137
7
30
229
147
0
135
7
68
0
62
230
41
124
147
0
107
7
55
229
147
0
106
7
68
0
63
230
66
124
147
0
101
7
80
229
147
0
99
7
68
0
64
230
91
124
147
0
102
7
105
229
147
0
100
7
68
0
65
230
116
124
147
0
104
7
130
229
147
0
102
7
68
0
66
230
141
124
147
0
104
7
155
229
147
0
102
7
68
0
67
230
166
124
147
0
75
7
180
229
147
0
73
7
68
0
68
230
191
124
147
0
77
7
205
229
147
0
74
7
68
0
69
230
216
124
147
0
82
7
230
229
147
0
78
7
68
0
70
230
241
124
147
0
103
7
255
229
147
0
100
7
68
0
71
230
10
125
147
0
104
7
24
230
147
0
101
7
68
0
72
230
35
125
147
0
102
7
49
230
147
0
98
7
68
0
73
230
60
125
147
0
104
7
74
230
147
0
99
7
68
0
74
230
85
125
147
0
69
7
99
230
147
0
65
7
68
0
75
230
110
125
147
0
73
7
124
230
147
0
68
7
68
0
76
230
135
125
147
0
77
7
149
230
147
0
72
7
68
0
77
230
160
125
147
0
82
7
174
230
147
0
76
7
68
0
78
230
185
125
147
0
101
7
199
230
147
0
95
7
68
0
79
230
210
125
147
0
101
7
224
230
147
0
95
7
68
0
80
230
235
125
147
0
97
7
249
230
147
0
91
7
68
0
81
230
4
126
147
0
102
7
18
231
147
0
96
7
68
0
82
230
29
126
147
0
70
7
43
231
147
0
63
7
68
0
83
230
54
126
147
0
73
7
68
231
147
0
67
7
68
0
84
230
79
126
147
0
77
7
93
231
147
0
70
7
68
0
85
230
104
126
147
0
137
7
118
231
147
0
130
7
68
0
86
230
129
126
147
0
108
7
143
231
147
0
100
7
68
0
87
230
154
126
147
0
98
7
168
231
147
0
91
7
68
0
88
230
179
126
147
0
99
7
193
231
147
0
91
7
68
0
89
230
204
126
147
0
101
7
218
231
147
0
93
7
68
0
90
230
229
126
147
0
72
7
243
231
147
0
64
7
68
0
91
230
254
126
147
0
127
7
12
232
147
0
119
7
68
0
92
230
23
127
147
0
77
7
37
232
147
0
69
7
68
0
93
230
48
127
147
0
82
7
62
232
147
0
73
7
68
0
94
230
73
127
147
0
104
7
87
232
147
0
95
7
68
0
95
230
98
127
147
0
104
7
112
232
147
0
94
7
68
0
96
230
123
127
147
0
102
7
137
232
147
0
92
7
68
0
97
230
148
127
147
0
104
7
162
232
147
0
93
7
68
0
98
230
173
127
147
0
70
7
187
232
147
0
59
7
68
0
99
230
198
127
147
0
73
7
212
232
147
0
63
7
68
0
100
230
223
127
147
0
77
7
237
232
147
0
66
7
68
0
101
230
248
127
147
0
81
7
6
233
147
0
70
7
68
0
102
230
17
128
147
0
104
7
31
233
147
0
92
7
68
0
103
230
42
128
147
0
104
7
56
233
147
0
93
7
68
0
104
230
67
128
147
0
100
7
81
233
147
0
88
7
68
0
105
230
92
128
147
0
104
7
106
233
147
0
92
7
68
0
106
230
117
128
147
0
70
7
131
233
147
0
57
7
68
0
107
230
142
128
147
0
73
7
156
233
147
0
61
7
68
0
108
230
167
128
147
0
77
7
181
233
147
0
65
7
68
0
109
230
192
128
147
0
81
7
206
233
147
0
68
7
68
0
110
230
217
128
147
0
99
7
231
233
147
0
86
7
68
0
111
230
242
128
147
0
99
7
0
234
147
0
86
7
68
0
112
230
11
129
147
0
100
7
25
234
147
0
87
7
68
0
113
230
36
129
147
0
101
7
50
234
147
0
87
7
68
0
114
230
61
129
147
0
70
7
75
234
147
0
56
7
68
0
115
230
86
129
147
0
129
7
100
234
147
0
114
7
68
0
116
230
111
129
147
0
78
7
125
234
147
0
64
7
68
0
117
230
136
129
147
0
82
7
150
234
147
0
68
7
68
0
118
230
161
129
147
0
102
7
175
234
147
0
87
7
68
0
119
230
186
129
147
0
100
7
200
234
147
0
85
7
68
0
120
230
211
129
147
0
100
7
225
234
147
0
85
7
68
0
121
230
236
129
147
0
101
7
250
234
147
0
86
7
68
0
122
230
5
130
147
0
71
7
19
235
147
0
54
7
68
0
123
230
30
130
147
0
75
7
44
235
147
0
58
7
68
0
124
230
55
130
147
0
78
7
69
235
147
0
61
7
68
0
125
230
80
130
147
0
82
7
94
235
147
0
65
7
68
0
126
230
105
130
147
0
105
7
119
235
147
0
88
7
68
0
127
230
130
130
147
0
91
7
144
235
147
0
73
7
68
0
128
230
155
130
147
0
101
7
169
235
147
0
84
7
68
0
129
230
180
130
147
0
102
7
194
235
147
0
84
7
68
0
130
230
205
130
147
0
104
7
219
235
147
0
86
7
68
0
131
230
230
130
147
0
75
7
244
235
147
0
56
7
68
0
132
230
255
130
147
0
78
7
13
236
147
0
60
7
68
0
133
230
24
131
147
0
82
7
38
236
147
0
63
7
68
0
134
230
49
131
147
0
103
7
63
236
147
0
84
7
68
0
135
230
74
131
147
0
104
7
88
236
147
0
85
7
68
0
136
230
99
131
147
0
104
7
113
236
147
0
85
7
68
0
137
230
124
131
147
0
102
7
138
236
147
0
83
7
68
0
138
230
149
131
147
0
103
7
163
236
147
0
83
7
68
0
139
230
174
131
147
0
75
7
188
236
147
0
55
7
68
0
140
230
199
131
147
0
79
7
213
236
147
0
59
7
68
0
141
230
224
131
147
0
83
7
238
236
147
0
63
7
68
0
142
230
249
131
147
0
99
7
7
237
147
0
78
7
68
0
143
230
18
132
147
0
101
7
32
237
147
0
80
7
68
0
144
230
43
132
147
0
101
7
57
237
147
0
81
7
68
0
145
230
68
132
147
0
118
7
82
237
147
0
97
7
68
0
146
230
93
132
147
0
107
7
107
237
147
0
86
7
68
0
147
230
118
132
147
0
75
7
132
237
147
0
52
7
68
0
148
230
143
132
147
0
78
7
157
237
147
0
56
7
68
0
149
230
168
132
147
0
82
7
182
237
147
0
59
7
68
0
150
230
193
132
147
0
101
7
207
237
147
0
78
7
68
0
151
230
218
132
147
0
137
7
232
237
147
0
113
7
68
0
152
230
243
132
147
0
111
7
1
238
147
0
87
7
68
0
153
230
12
133
147
0
101
7
26
238
147
0
78
7
68
0
154
230
37
133
147
0
69
7
51
238
147
0
45
7
68
0
155
230
62
133
147
0
74
7
76
238
147
0
51
7
68
0
156
230
87
133
147
0
78
7
101
238
147
0
53
7
68
0
157
230
112
133
147
0
136
7
126
238
147
0
112
7
68
0
158
230
137
133
147
0
107
7
151
238
147
0
82
7
68
0
159
230
162
133
147
0
102
7
176
238
147
0
77
7
68
0
160
230
187
133
147
0
103
7
201
238
147
0
78
7
68
0
161
230
212
133
147
0
103
7
226
238
147
0
78
7
68
0
162
230
237
133
147
0
104
7
251
238
147
0
79
7
68
0
163
230
6
134
147
0
76
7
20
239
147
0
50
7
68
0
164
230
31
134
147
0
78
7
45
239
147
0
52
7
68
0
165
230
56
134
147
0
81
7
70
239
147
0
55
7
68
0
166
230
81
134
147
0
103
7
95
239
147
0
77
7
68
0
167
230
106
134
147
0
105
7
120
239
147
0
78
7
68
0
168
230
131
134
147
0
103
7
145
239
147
0
76
7
68
0
169
230
156
134
147
0
103
7
170
239
147
0
77
7
68
0
170
230
181
134
147
0
69
7
195
239
147
0
42
7
68
0
171
230
206
134
147
0
74
7
220
239
147
0
47
7
68
0
172
230
231
134
147
0
78
7
245
239
147
0
50
7
68
0
173
230
0
135
147
0
81
7
14
240
147
0
53
7
68
0
174
230
25
135
147
0
100
7
39
240
147
0
72
7
68
0
175
230
50
135
147
0
101
7
64
240
147
0
73
7
68
0
176
230
75
135
147
0
98
7
89
240
147
0
68
7
68
0
177
230
100
135
147
0
101
7
114
240
147
0
72
7
68
0
178
230
125
135
147
0
69
7
139
240
147
0
40
7
68
0
179
230
150
135
147
0
73
7
164
240
147
0
43
7
68
0
180
230
175
135
147
0
78
7
189
240
147
0
48
7
68
0
181
230
200
135
147
0
136
7
214
240
147
0
106
7
68
0
182
230
225
135
147
0
107
7
239
240
147
0
77
7
68
0
183
230
250
135
147
0
98
7
8
241
147
0
67
7
68
0
184
230
19
136
147
0
100
7
33
241
147
0
69
7
68
0
185
230
44
136
147
0
100
7
58
241
147
0
69
7
68
0
186
230
69
136
147
0
71
7
83
241
147
0
40
7
68
0
187
230
94
136
147
0
127
7
108
241
147
0
96
7
68
0
188
230
119
136
147
0
78
7
133
241
147
0
46
7
68
0
189
230
144
136
147
0
82
7
158
241
147
0
50
7
68
0
190
230
169
136
147
0
103
7
183
241
147
0
71
7
68
0
191
230
194
136
147
0
104
7
208
241
147
0
72
7
68
0
192
230
219
136
147
0
103
7
233
241
147
0
70
7
68
0
193
230
244
136
147
0
104
7
2
242
147
0
71
7
68
0
194
230
13
137
147
0
69
7
27
242
147
0
36
7
68
0
195
230
38
137
147
0
73
7
52
242
147
0
40
7
68
0
196
230
63
137
147
0
78
7
77
242
147
0
45
7
68
0
197
230
88
137
147
0
82
7
102
242
147
0
47
7
68
0
198
230
113
137
147
0
103
7
127
242
147
0
70
7
68
0
199
230
138
137
147
0
104
7
152
242
147
0
69
7
68
0
200
230
163
137
147
0
101
7
177
242
147
0
66
7
68
0
201
230
188
137
147
0
105
7
202
242
147
0
70
7
68
0
202
230
213
137
147
0
69
7
227
242
147
0
34
7
68
0
203
230
238
137
147
0
73
7
252
242
147
0
37
7
68
0
204
230
7
138
147
0
78
7
21
243
147
0
42
7
68
0
205
230
32
138
147
0
82
7
46
243
147
0
47
7
68
0
206
230
57
138
147
0
98
7
71
243
147
0
62
7
68
0
207
230
82
138
147
0
99
7
96
243
147
0
63
7
68
0
208
230
107
138
147
0
101
7
121
243
147
0
64
7
68
0
209
230
132
138
147
0
102
7
146
243
147
0
65
7
68
0
210
230
157
138
147
0
69
7
171
243
147
0
32
7
68
0
211
230
182
138
147
0
128
7
196
243
147
0
91
7
68
0
212
230
207
138
147
0
78
7
221
243
147
0
40
7
68
0
213
230
232
138
147
0
83
7
246
243
147
0
45
7
68
0
214
230
1
139
147
0
101
7
15
244
147
0
64
7
68
0
215
230
26
139
147
0
99
7
40
244
147
0
61
7
68
0
216
230
51
139
147
0
100
7
65
244
147
0
62
7
68
0
217
230
76
139
147
0
102
7
90
244
147
0
63
7
68
0
218
230
101
139
147
0
70
7
115
244
147
0
32
7
68
0
219
230
126
139
147
0
74
7
140
244
147
0
35
7
68
0
220
230
151
139
147
0
78
7
165
244
147
0
39
7
68
0
221
230
176
139
147
0
83
7
190
244
147
0
42
7
68
0
222
230
201
139
147
0
104
7
215
244
147
0
65
7
68
0
223
230
226
139
147
0
90
7
240
244
147
0
50
7
68
0
224
230
251
139
147
0
101
7
9
245
147
0
60
7
68
0
225
230
20
140
147
0
103
7
34
245
147
0
62
7
68
0
226
230
45
140
147
0
104
7
59
245
147
0
62
7
68
0
227
230
70
140
147
0
74
7
84
245
147
0
33
7
68
0
228
230
95
140
147
0
78
7
109
245
147
0
36
7
68
0
229
230
120
140
147
0
83
7
134
245
147
0
41
7
68
0
230
230
145
140
147
0
103
7
159
245
147
0
60
7
68
0
231
230
170
140
147
0
103
7
184
245
147
0
61
7
68
0
232
230
195
140
147
0
104
7
209
245
147
0
62
7
68
0
233
230
220
140
147
0
103
7
234
245
147
0
60
7
68
0
234
230
245
140
147
0
104
7
3
246
147
0
61
7
68
0
235
230
14
141
147
0
74
7
28
246
147
0
31
7
68
0
236
230
39
141
147
0
79
7
53
246
147
0
36
7
68
0
237
230
64
141
147
0
84
7
78
246
147
0
40
7
68
0
238
230
89
141
147
0
100
7
103
246
147
0
56
7
68
0
239
230
114
141
147
0
100
7
128
246
147
0
56
7
68
0
240
230
139
141
147
0
101
7
153
246
147
0
57
7
68
0
241
230
164
141
147
0
119
7
178
246
147
0
75
7
68
0
242
230
189
141
147
0
108
7
203
246
147
0
63
7
68
0
243
230
214
141
147
0
74
7
228
246
147
0
30
7
68
0
244
230
239
141
147
0
78
7
253
246
147
0
32
7
68
0
245
230
8
142
147
0
83
7
22
247
147
0
38
7
68
0
246
230
33
142
147
0
102
7
47
247
147
0
56
7
68
0
247
230
58
142
147
0
136
7
72
247
147
0
91
7
68
0
248
230
83
142
147
0
110
7
97
247
147
0
65
7
68
0
249
230
108
142
147
0
101
7
122
247
147
0
55
7
68
0
250
230
133
142
147
0
70
7
147
247
147
0
23
7
68
0
251
230
158
142
147
0
73
7
172
247
147
0
27
7
68
0
252
230
183
142
147
0
77
7
197
247
147
0
30
7
68
0
253
230
208
142
147
0
136
7
222
247
147
0
88
7
68
0
254
230
233
142
147
0
108
7
247
247
147
0
60
7
68
0
255
230
2
143
147
0
101
7
16
248
147
0
53
7
68
0
0
231
27
143
147
0
102
7
41
248
147
0
55
7
68
0
1
231
52
143
147
0
103
7
66
248
147
0
55
7
68
0
2
231
77
143
147
0
105
7
91
248
147
0
56
7
68
0
3
231
102
143
147
0
75
7
116
248
147
0
27
7
68
0
4
231
127
143
147
0
77
7
141
248
147
0
28
7
68
0
5
231
152
143
147
0
81
7
166
248
147
0
32
7
68
0
6
231
177
143
147
0
104
7
191
248
147
0
54
7
68
0
7
231
202
143
147
0
105
7
216
248
147
0
55
7
68
0
8
231
227
143
147
0
102
7
241
248
147
0
52
7
68
0
9
231
252
143
147
0
103
7
10
249
147
0
53
7
68
0
10
231
21
144
147
0
70
7
35
249
147
0
20
7
68
0
11
231
46
144
147
0
74
7
60
249
147
0
23
7
68
0
12
231
71
144
147
0
77
7
85
249
147
0
27
7
68
0
13
231
96
144
147
0
81
7
110
249
147
0
30
7
68
0
14
231
121
144
147
0
101
7
135
249
147
0
50
7
68
0
15
231
146
144
147
0
102
7
160
249
147
0
50
7
68
0
16
231
171
144
147
0
97
7
185
249
147
0
46
7
68
0
17
231
196
144
147
0
101
7
210
249
147
0
49
7
68
0
18
231
221
144
147
0
70
7
235
249
147
0
18
7
68
0
19
231
246
144
147
0
74
7
4
250
147
0
22
7
68
0
20
231
15
145
147
0
77
7
29
250
147
0
24
7
68
0
21
231
40
145
147
0
136
7
54
250
147
0
84
7
68
0
22
231
65
145
147
0
108
7
79
250
147
0
54
7
68
0
23
231
90
145
147
0
99
7
104
250
147
0
45
7
68
0
24
231
115
145
147
0
99
7
129
250
147
0
45
7
68
0
25
231
140
145
147
0
100
7
154
250
147
0
47
7
68
0
26
231
165
145
147
0
72
7
179
250
147
0
17
7
68
0
27
231
190
145
147
0
128
7
204
250
147
0
73
7
68
0
28
231
215
145
147
0
77
7
229
250
147
0
23
7
68
0
29
231
240
145
147
0
81
7
254
250
147
0
26
7
68
0
30
231
9
146
147
0
103
7
23
251
147
0
48
7
68
0
31
231
34
146
147
0
105
7
48
251
147
0
49
7
68
0
32
231
59
146
147
0
102
7
73
251
147
0
47
7
68
0
33
231
84
146
147
0
103
7
98
251
147
0
47
7
68
0
34
231
109
146
147
0
69
7
123
251
147
0
13
7
68
0
35
231
134
146
147
0
74
7
148
251
147
0
17
7
68
0
36
231
159
146
147
0
77
7
173
251
147
0
21
7
68
0
37
231
184
146
147
0
81
7
198
251
147
0
25
7
68
0
38
231
209
146
147
0
103
7
223
251
147
0
46
7
68
0
39
231
234
146
147
0
105
7
248
251
147
0
48
7
68
0
40
231
3
147
147
0
100
7
17
252
147
0
43
7
68
0
41
231
28
147
147
0
104
7
42
252
147
0
47
7
68
0
42
231
53
147
147
0
69
7
67
252
147
0
11
7
68
0
43
231
78
147
147
0
74
7
92
252
147
0
16
7
68
0
44
231
103
147
147
0
77
7
117
252
147
0
18
7
68
0
45
231
128
147
147
0
81
7
142
252
147
0
23
7
68
0
46
231
153
147
147
0
98
7
167
252
147
0
40
7
68
0
47
231
178
147
147
0
100
7
192
252
147
0
40
7
68
0
48
231
203
147
147
0
101
7
217
252
147
0
41
7
68
0
49
231
228
147
147
0
101
7
242
252
147
0
41
7
68
0
50
231
253
147
147
0
69
7
11
253
147
0
9
7
68
0
51
231
22
148
147
0
129
7
36
253
147
0
68
7
68
0
52
231
47
148
147
0
79
7
61
253
147
0
18
7
68
0
53
231
72
148
147
0
82
7
86
253
147
0
21
7
68
0
54
231
97
148
147
0
101
7
111
253
147
0
40
7
68
0
55
231
122
148
147
0
100
7
136
253
147
0
39
7
68
0
56
231
147
148
147
0
101
7
161
253
147
0
39
7
68
0
57
231
172
148
147
0
101
7
186
253
147
0
40
7
68
0
58
231
197
148
147
0
70
7
211
253
147
0
8
7
68
0
59
231
222
148
147
0
75
7
236
253
147
0
13
7
68
0
60
231
247
148
147
0
79
7
5
254
147
0
16
7
68
0
61
231
16
149
147
0
82
7
30
254
147
0
20
7
68
0
62
231
41
149
147
0
104
7
55
254
147
0
41
7
68
0
63
231
66
149
147
0
91
7
80
254
147
0
28
7
68
0
64
231
91
149
147
0
102
7
105
254
147
0
39
7
68
0
65
231
116
149
147
0
102
7
130
254
147
0
39
7
68
0
66
231
141
149
147
0
103
7
155
254
147
0
40
7
68
0
67
231
166
149
147
0
74
7
180
254
147
0
9
7
68
0
68
231
191
149
147
0
79
7
205
254
147
0
15
7
68
0
69
231
216
149
147
0
82
7
230
254
147
0
17
7
68
0
70
231
241
149
147
0
102
7
255
254
147
0
38
7
68
0
71
231
10
150
147
0
103
7
24
255
147
0
38
7
68
0
72
231
35
150
147
0
105
7
49
255
147
0
39
7
68
0
73
231
60
150
147
0
102
7
74
255
147
0
37
7
68
0
74
231
85
150
147
0
103
7
99
255
147
0
37
7
68
0
75
231
110
150
147
0
74
7
124
255
147
0
9
7
68
0
76
231
135
150
147
0
80
7
149
255
147
0
14
7
68
0
77
231
160
150
147
0
83
7
174
255
147
0
17
7
68
0
78
231
185
150
147
0
99
7
199
255
147
0
32
7
68
0
79
231
210
150
147
0
100
7
224
255
147
0
33
7
68
0
80
231
235
150
147
0
102
7
249
255
147
0
35
7
68
0
81
231
4
151
147
0
118
7
18
0
148
0
51
7
68
0
82
231
29
151
147
0
107
7
43
0
148
0
40
7
68
0
83
231
54
151
147
0
74
7
68
0
148
0
6
7
68
0
84
231
79
151
147
0
79
7
93
0
148
0
11
7
68
0
85
231
104
151
147
0
83
7
118
0
148
0
14
7
68
0
86
231
129
151
147
0
101
7
143
0
148
0
33
7
68
0
87
231
154
151
147
0
136
7
168
0
148
0
67
7
68
0
88
231
179
151
147
0
111
7
193
0
148
0
42
7
68
0
89
231
204
151
147
0
102
7
218
0
148
0
33
7
68
0
90
231
229
151
147
0
69
7
243
0
148
0
0
7
68
0
91
231
254
151
147
0
73
7
12
1
148
0
4
7
68
0
92
231
23
152
147
0
78
7
37
1
148
0
7
7
68
0
93
231
48
152
147
0
137
7
62
1
148
0
66
7
68
0
94
231
73
152
147
0
107
7
87
1
148
0
36
7
68
0
95
231
98
152
147
0
101
7
112
1
148
0
31
7
68
0
96
231
123
152
147
0
103
7
137
1
148
0
32
7
68
0
97
231
148
152
147
0
104
7
162
1
148
0
32
7
68
0
98
231
173
152
147
0
104
7
187
1
148
0
33
7
68
0
99
231
198
152
147
0
75
7
212
1
148
0
3
7
68
0
100
231
223
152
147
0
78
7
237
1
148
0
7
7
68
0
101
231
248
152
147
0
82
7
6
2
148
0
9
7
68
0
102
231
17
153
147
0
103
7
31
2
148
0
31
7
68
0
103
231
42
153
147
0
104
7
56
2
148
0
31
7
68
0
104
231
67
153
147
0
103
7
81
2
148
0
30
7
68
0
105
231
92
153
147
0
104
7
106
2
148
0
30
7
68
0
106
231
117
153
147
0
69
7
131
2
148
0
252
6
68
0
107
231
142
153
147
0
73
7
156
2
148
0
0
7
68
0
108
231
167
153
147
0
77
7
181
2
148
0
3
7
68
0
109
231
192
153
147
0
82
7
206
2
148
0
8
7
68
0
110
231
217
153
147
0
100
7
231
2
148
0
26
7
68
0
111
231
242
153
147
0
101
7
0
3
148
0
27
7
68
0
112
231
11
154
147
0
97
7
25
3
148
0
22
7
68
0
113
231
36
154
147
0
102
7
50
3
148
0
27
7
68
0
114
231
61
154
147
0
69
7
75
3
148
0
250
6
68
0
115
231
86
154
147
0
73
7
100
3
148
0
254
6
68
0
116
231
111
154
147
0
77
7
125
3
148
0
2
7
68
0
117
231
136
154
147
0
137
7
150
3
148
0
61
7
68
0
118
231
161
154
147
0
107
7
175
3
148
0
32
7
68
0
119
231
186
154
147
0
98
7
200
3
148
0
22
7
68
0
120
231
211
154
147
0
99
7
225
3
148
0
23
7
68
0
121
231
236
154
147
0
101
7
250
3
148
0
24
7
68
0
122
231
5
155
147
0
72
7
19
4
148
0
251
6
68
0
123
231
30
155
147
0
127
7
44
4
148
0
49
7
68
0
124
231
55
155
147
0
77
7
69
4
148
0
0
7
68
0
125
231
80
155
147
0
82
7
94
4
148
0
4
7
68
0
126
231
105
155
147
0
104
7
119
4
148
0
25
7
68
0
127
231
130
155
147
0
104
7
144
4
148
0
26
7
68
0
128
231
155
155
147
0
102
7
169
4
148
0
23
7
68
0
129
231
180
155
147
0
104
7
194
4
148
0
26
7
68
0
130
231
205
155
147
0
70
7
219
4
148
0
246
6
68
0
131
231
230
155
147
0
73
7
244
4
148
0
251
6
68
0
132
231
255
155
147
0
77
7
13
5
148
0
253
6
68
0
133
231
24
156
147
0
82
7
38
5
148
0
2
7
68
0
134
231
49
156
147
0
104
7
63
5
148
0
24
7
68
0
135
231
74
156
147
0
104
7
88
5
148
0
24
7
68
0
136
231
99
156
147
0
100
7
113
5
148
0
20
7
68
0
137
231
124
156
147
0
105
7
138
5
148
0
24
7
68
0
138
231
149
156
147
0
70
7
163
5
148
0
245
6
68
0
139
231
174
156
147
0
73
7
188
5
148
0
248
6
68
0
140
231
199
156
147
0
77
7
213
5
148
0
252
6
68
0
141
231
224
156
147
0
82
7
238
5
148
0
0
7
68
0
142
231
249
156
147
0
99
7
7
6
148
0
17
7
68
0
143
231
18
157
147
0
99
7
32
6
148
0
18
7
68
0
144
231
43
157
147
0
100
7
57
6
148
0
18
7
68
0
145
231
68
157
147
0
101
7
82
6
148
0
18
7
68
0
146
231
93
157
147
0
70
7
107
6
148
0
243
6
68
0
147
231
118
157
147
0
128
7
132
6
148
0
45
7
68
0
148
231
143
157
147
0
78
7
157
6
148
0
250
6
68
0
149
231
168
157
147
0
82
7
182
6
148
0
255
6
68
0
150
231
193
157
147
0
102
7
207
6
148
0
18
7
68
0
151
231
218
157
147
0
99
7
232
6
148
0
15
7
68
0
152
231
243
157
147
0
100
7
1
7
148
0
16
7
68
0
153
231
12
158
147
0
101
7
26
7
148
0
16
7
68
0
154
231
37
158
147
0
71
7
51
7
148
0
242
6
68
0
155
231
62
158
147
0
74
7
76
7
148
0
245
6
68
0
156
231
87
158
147
0
78
7
101
7
148
0
249
6
68
0
157
231
112
158
147
0
82
7
126
7
148
0
252
6
68
0
158
231
137
158
147
0
105
7
151
7
148
0
19
7
68
0
159
231
162
158
147
0
91
7
176
7
148
0
4
7
68
0
160
231
187
158
147
0
101
7
201
7
148
0
15
7
68
0
161
231
212
158
147
0
102
7
226
7
148
0
16
7
68
0
162
231
237
158
147
0
104
7
251
7
148
0
17
7
68
0
163
231
6
159
147
0
75
7
20
8
148
0
244
6
68
0
164
231
31
159
147
0
78
7
45
8
148
0
247
6
68
0
165
231
56
159
147
0
82
7
70
8
148
0
251
6
68
0
166
231
81
159
147
0
103
7
95
8
148
0
15
7
68
0
167
231
106
159
147
0
104
7
120
8
148
0
16
7
68
0
168
231
131
159
147
0
104
7
145
8
148
0
16
7
68
0
169
231
156
159
147
0
102
7
170
8
148
0
14
7
68
0
170
231
181
159
147
0
104
7
195
8
148
0
16
7
68
0
171
231
206
159
147
0
75
7
220
8
148
0
242
6
68
0
172
231
231
159
147
0
79
7
245
8
148
0
247
6
68
0
173
231
0
160
147
0
83
7
14
9
148
0
250
6
68
0
174
231
25
160
147
0
100
7
39
9
148
0
11
7
68
0
175
231
50
160
147
0
101
7
64
9
148
0
10
7
68
0
176
231
75
160
147
0
101
7
89
9
148
0
11
7
68
0
177
231
100
160
147
0
118
7
114
9
148
0
28
7
68
0
178
231
125
160
147
0
108
7
139
9
148
0
17
7
68
0
179
231
150
160
147
0
75
7
164
9
148
0
240
6
68
0
180
231
175
160
147
0
78
7
189
9
148
0
243
6
68
0
181
231
200
160
147
0
82
7
214
9
148
0
247
6
68
0
182
231
225
160
147
0
102
7
239
9
148
0
10
7
68
0
183
231
250
160
147
0
137
7
8
10
148
0
45
7
68
0
184
231
19
161
147
0
110
7
33
10
148
0
18
7
68
0
185
231
44
161
147
0
101
7
58
10
148
0
9
7
68
0
186
231
69
161
147
0
69
7
83
10
148
0
233
6
68
0
187
231
94
161
147
0
74
7
108
10
148
0
237
6
68
0
188
231
119
161
147
0
77
7
133
10
148
0
241
6
68
0
189
231
144
161
147
0
136
7
158
10
148
0
43
7
68
0
190
231
169
161
147
0
107
7
183
10
148
0
14
7
68
0
191
231
194
161
147
0
102
7
208
10
148
0
8
7
68
0
192
231
219
161
147
0
102
7
233
10
148
0
9
7
68
0
193
231
244
161
147
0
103
7
2
11
148
0
9
7
68
0
194
231
13
162
147
0
104
7
27
11
148
0
10
7
68
0
195
231
38
162
147
0
76
7
52
11
148
0
238
6
68
0
196
231
63
162
147
0
77
7
77
11
148
0
239
6
68
0
197
231
88
162
147
0
81
7
102
11
148
0
243
6
68
0
198
231
113
162
147
0
103
7
127
11
148
0
8
7
68
0
199
231
138
162
147
0
105
7
152
11
148
0
9
7
68
0
200
231
163
162
147
0
103
7
177
11
148
0
6
7
68
0
201
231
188
162
147
0
103
7
202
11
148
0
7
7
68
0
202
231
213
162
147
0
69
7
227
11
148
0
228
6
68
0
203
231
238
162
147
0
74
7
252
11
148
0
233
6
68
0
204
231
7
163
147
0
78
7
21
12
148
0
237
6
68
0
205
231
32
163
147
0
81
7
46
12
148
0
240
6
68
0
206
231
57
163
147
0
100
7
71
12
148
0
3
7
68
0
207
231
82
163
147
0
102
7
96
12
148
0
4
7
68
0
208
231
107
163
147
0
98
7
121
12
148
0
0
7
68
0
209
231
132
163
147
0
101
7
146
12
148
0
3
7
68
0
210
231
157
163
147
0
69
7
171
12
148
0
227
6
68
0
211
231
182
163
147
0
74
7
196
12
148
0
231
6
68
0
212
231
207
163
147
0
78
7
221
12
148
0
235
6
68
0
213
231
232
163
147
0
136
7
246
12
148
0
38
7
68
0
214
231
1
164
147
0
107
7
15
13
148
0
8
7
68
0
215
231
26
164
147
0
99
7
40
13
148
0
0
7
68
0
216
231
51
164
147
0
100
7
65
13
148
0
0
7
68
0
217
231
76
164
147
0
100
7
90
13
148
0
1
7
68
0
218
231
101
164
147
0
71
7
115
13
148
0
227
6
68
0
219
231
126
164
147
0
128
7
140
13
148
0
28
7
68
0
220
231
151
164
147
0
78
7
165
13
148
0
233
6
68
0
221
231
176
164
147
0
81
7
190
13
148
0
237
6
68
0
222
231
201
164
147
0
103
7
215
13
148
0
3
7
68
0
223
231
226
164
147
0
104
7
240
13
148
0
3
7
68
0
224
231
251
164
147
0
103
7
9
14
148
0
1
7
68
0
225
231
20
165
147
0
103
7
34
14
148
0
2
7
68
0
226
231
45
165
147
0
69
7
59
14
148
0
223
6
68
0
227
231
70
165
147
0
73
7
84
14
148
0
226
6
68
0
228
231
95
165
147
0
78
7
109
14
148
0
231
6
68
0
229
231
120
165
147
0
81
7
134
14
148
0
234
6
68
0
230
231
145
165
147
0
103
7
159
14
148
0
0
7
68
0
231
231
170
165
147
0
104
7
184
14
148
0
1
7
68
0
232
231
195
165
147
0
101
7
209
14
148
0
253
6
68
0
233
231
220
165
147
0
104
7
234
14
148
0
1
7
68
0
234
231
245
165
147
0
69
7
3
15
148
0
221
6
68
0
235
231
14
166
147
0
73
7
28
15
148
0
225
6
68
0
236
231
39
166
147
0
78
7
53
15
148
0
229
6
68
0
237
231
64
166
147
0
81
7
78
15
148
0
233
6
68
0
238
231
89
166
147
0
98
7
103
15
148
0
249
6
68
0
239
231
114
166
147
0
99
7
128
15
148
0
250
6
68
0
240
231
139
166
147
0
101
7
153
15
148
0
252
6
68
0
241
231
164
166
147
0
102
7
178
15
148
0
252
6
68
0
242
231
189
166
147
0
69
7
203
15
148
0
220
6
68
0
243
231
214
166
147
0
128
7
228
15
148
0
22
7
68
0
244
231
239
166
147
0
79
7
253
15
148
0
229
6
68
0
245
231
8
167
147
0
83
7
22
16
148
0
231
6
68
0
246
231
33
167
147
0
101
7
47
16
148
0
251
6
68
0
247
231
58
167
147
0
99
7
72
16
148
0
248
6
68
0
248
231
83
167
147
0
101
7
97
16
148
0
250
6
68
0
249
231
108
167
147
0
102
7
122
16
148
0
251
6
68
0
250
231
133
167
147
0
70
7
147
16
148
0
219
6
68
0
251
231
158
167
147
0
74
7
172
16
148
0
222
6
68
0
252
231
183
167
147
0
79
7
197
16
148
0
226
6
68
0
253
231
208
167
147
0
83
7
222
16
148
0
230
6
68
0
254
231
233
167
147
0
104
7
247
16
148
0
251
6
68
0
255
231
2
168
147
0
90
7
16
17
148
0
238
6
68
0
0
232
27
168
147
0
102
7
41
17
148
0
248
6
68
0
1
232
52
168
147
0
103
7
66
17
148
0
249
6
68
0
2
232
77
168
147
0
103
7
91
17
148
0
250
6
68
0
3
232
102
168
147
0
74
7
116
17
148
0
220
6
68
0
4
232
127
168
147
0
79
7
141
17
148
0
225
6
68
0
5
232
152
168
147
0
83
7
166
17
148
0
228
6
68
0
6
232
177
168
147
0
102
7
191
17
148
0
248
6
68
0
7
232
202
168
147
0
103
7
216
17
148
0
248
6
68
0
8
232
227
168
147
0
104
7
241
17
148
0
249
6
68
0
9
232
252
168
147
0
103
7
10
18
148
0
247
6
68
0
10
232
21
169
147
0
103
7
35
18
148
0
248
6
68
0
11
232
46
169
147
0
74
7
60
18
148
0
219
6
68
0
12
232
71
169
147
0
79
7
85
18
148
0
223
6
68
0
13
232
96
169
147
0
84
7
110
18
148
0
228
6
68
0
14
232
121
169
147
0
99
7
135
18
148
0
243
6
68
0
15
232
146
169
147
0
100
7
160
18
148
0
244
6
68
0
16
232
171
169
147
0
101
7
185
18
148
0
244
6
68
0
17
232
196
169
147
0
119
7
210
18
148
0
6
7
68
0
18
232
221
169
147
0
107
7
235
18
148
0
251
6
68
0
19
232
246
169
147
0
74
7
4
19
148
0
217
6
68
0
20
232
15
170
147
0
78
7
29
19
148
0
220
6
68
0
21
232
40
170
147
0
83
7
54
19
148
0
225
6
68
0
22
232
65
170
147
0
102
7
79
19
148
0
244
6
68
0
23
232
90
170
147
0
136
7
104
19
148
0
21
7
68
0
24
232
115
170
147
0
110
7
129
19
148
0
251
6
68
0
25
232
140
170
147
0
102
7
154
19
148
0
242
6
68
0
26
232
165
170
147
0
70
7
179
19
148
0
210
6
68
0
27
232
190
170
147
0
73
7
204
19
148
0
214
6
68
0
28
232
215
170
147
0
77
7
229
19
148
0
217
6
68
0
29
232
240
170
147
0
137
7
254
19
148
0
21
7
68
0
30
232
9
171
147
0
108
7
23
20
148
0
247
6
68
0
31
232
34
171
147
0
101
7
48
20
148
0
241
6
68
0
32
232
59
171
147
0
102
7
73
20
148
0
241
6
68
0
33
232
84
171
147
0
104
7
98
20
148
0
243
6
68
0
34
232
109
171
147
0
105
7
123
20
148
0
243
6
68
0
35
232
134
171
147
0
75
7
148
20
148
0
214
6
68
0
36
232
159
171
147
0
77
7
173
20
148
0
216
6
68
0
37
232
184
171
147
0
82
7
198
20
148
0
220
6
68
0
38
232
209
171
147
0
104
7
223
20
148
0
242
6
68
0
39
232
234
171
147
0
104
7
248
20
148
0
242
6
68
0
40
232
3
172
147
0
102
7
17
21
148
0
240
6
68
0
41
232
28
172
147
0
104
7
42
21
148
0
241
6
68
0
42
232
53
172
147
0
70
7
67
21
148
0
207
6
68
0
43
232
78
172
147
0
73
7
92
21
148
0
210
6
68
0
44
232
103
172
147
0
77
7
117
21
148
0
214
6
68
0
45
232
128
172
147
0
81
7
142
21
148
0
218
6
68
0
46
232
153
172
147
0
101
7
167
21
148
0
237
6
68
0
47
232
178
172
147
0
101
7
192
21
148
0
238
6
68
0
48
232
203
172
147
0
97
7
217
21
148
0
232
6
68
0
49
232
228
172
147
0
101
7
242
21
148
0
236
6
68
0
50
232
253
172
147
0
70
7
11
22
148
0
204
6
68
0
51
232
22
173
147
0
73
7
36
22
148
0
208
6
68
0
52
232
47
173
147
0
77
7
61
22
148
0
211
6
68
0
53
232
72
173
147
0
136
7
86
22
148
0
14
7
68
0
54
232
97
173
147
0
108
7
111
22
148
0
242
6
68
0
55
232
122
173
147
0
98
7
136
22
148
0
232
6
68
0
56
232
147
173
147
0
99
7
161
22
148
0
233
6
68
0
57
232
172
173
147
0
100
7
186
22
148
0
233
6
68
0
58
232
197
173
147
0
72
7
211
22
148
0
205
6
68
0
59
232
222
173
147
0
127
7
236
22
148
0
4
7
68
0
60
232
247
173
147
0
77
7
5
23
148
0
210
6
68
0
61
232
16
174
147
0
81
7
30
23
148
0
213
6
68
0
62
232
41
174
147
0
104
7
55
23
148
0
237
6
68
0
63
232
66
174
147
0
105
7
80
23
148
0
237
6
68
0
64
232
91
174
147
0
102
7
105
23
148
0
234
6
68
0
65
232
116
174
147
0
103
7
130
23
148
0
235
6
68
0
66
232
141
174
147
0
70
7
155
23
148
0
201
6
68
0
67
232
166
174
147
0
74
7
180
23
148
0
205
6
68
0
68
232
191
174
147
0
77
7
205
23
148
0
208
6
68
0
69
232
216
174
147
0
81
7
230
23
148
0
212
6
68
0
70
232
241
174
147
0
104
7
255
23
148
0
234
6
68
0
71
232
10
175
147
0
105
7
24
24
148
0
235
6
68
0
72
232
35
175
147
0
100
7
49
24
148
0
230
6
68
0
73
232
60
175
147
0
104
7
74
24
148
0
234
6
68
0
74
232
85
175
147
0
70
7
99
24
148
0
199
6
68
0
75
232
110
175
147
0
74
7
124
24
148
0
202
6
68
0
76
232
135
175
147
0
77
7
149
24
148
0
206
6
68
0
77
232
160
175
147
0
81
7
174
24
148
0
209
6
68
0
78
232
185
175
147
0
99
7
199
24
148
0
227
6
68
0
79
232
210
175
147
0
100
7
224
24
148
0
227
6
68
0
80
232
235
175
147
0
100
7
249
24
148
0
228
6
68
0
81
232
4
176
147
0
101
7
18
25
148
0
229
6
68
0
82
232
29
176
147
0
70
7
43
25
148
0
197
6
68
0
83
232
54
176
147
0
129
7
68
25
148
0
0
7
68
0
84
232
79
176
147
0
78
7
93
25
148
0
205
6
68
0
85
232
104
176
147
0
82
7
118
25
148
0
209
6
68
0
86
232
129
176
147
0
101
7
143
25
148
0
227
6
68
0
87
232
154
176
147
0
100
7
168
25
148
0
226
6
68
0
88
232
179
176
147
0
100
7
193
25
148
0
226
6
68
0
89
232
204
176
147
0
101
7
218
25
148
0
227
6
68
0
90
232
229
176
147
0
70
7
243
25
148
0
196
6
68
0
91
232
254
176
147
0
75
7
12
26
148
0
200
6
68
0
92
232
23
177
147
0
78
7
37
26
148
0
204
6
68
0
93
232
48
177
147
0
82
7
62
26
148
0
207
6
68
0
94
232
73
177
147
0
104
7
87
26
148
0
229
6
68
0
95
232
98
177
147
0
91
7
112
26
148
0
215
6
68
0
96
232
123
177
147
0
101
7
137
26
148
0
225
6
68
0
97
232
148
177
147
0
102
7
162
26
148
0
226
6
68
0
98
232
173
177
147
0
103
7
187
26
148
0
226
6
68
0
99
232
198
177
147
0
75
7
212
26
148
0
199
6
68
0
100
232
223
177
147
0
79
7
237
26
148
0
201
6
68
0
101
232
248
177
147
0
82
7
6
27
148
0
205
6
68
0
102
232
17
178
147
0
102
7
31
27
148
0
224
6
68
0
103
232
42
178
147
0
104
7
56
27
148
0
226
6
68
0
104
232
67
178
147
0
105
7
81
27
148
0
226
6
68
0
105
232
92
178
147
0
102
7
106
27
148
0
224
6
68
0
106
232
117
178
147
0
103
7
131
27
148
0
224
6
68
0
107
232
142
178
147
0
75
7
156
27
148
0
196
6
68
0
108
232
167
178
147
0
80
7
181
27
148
0
201
6
68
0
109
232
192
178
147
0
83
7
206
27
148
0
205
6
68
0
110
232
217
178
147
0
99
7
231
27
148
0
220
6
68
0
111
232
242
178
147
0
101
7
0
28
148
0
221
6
68
0
112
232
11
179
147
0
102
7
25
28
148
0
222
6
68
0
113
232
36
179
147
0
118
7
50
28
148
0
238
6
68
0
114
232
61
179
147
0
107
7
75
28
148
0
227
6
68
0
115
232
86
179
147
0
75
7
100
28
148
0
194
6
68
0
116
232
111
179
147
0
79
7
125
28
148
0
198
6
68
0
117
232
136
179
147
0
82
7
150
28
148
0
202
6
68
0
118
232
161
179
147
0
101
7
175
28
148
0
220
6
68
0
119
232
186
179
147
0
137
7
200
28
148
0
0
7
68
0
120
232
211
179
147
0
111
7
225
28
148
0
229
6
68
0
121
232
236
179
147
0
101
7
250
28
148
0
220
6
68
0
122
232
5
180
147
0
69
7
19
29
148
0
186
6
68
0
123
232
30
180
147
0
73
7
44
29
148
0
191
6
68
0
124
232
55
180
147
0
78
7
69
29
148
0
196
6
68
0
125
232
80
180
147
0
136
7
94
29
148
0
254
6
68
0
126
232
105
180
147
0
107
7
119
29
148
0
225
6
68
0
127
232
130
180
147
0
101
7
144
29
148
0
217
6
68
0
128
232
155
180
147
0
103
7
169
29
148
0
219
6
68
0
129
232
180
180
147
0
103
7
194
29
148
0
219
6
68
0
130
232
205
180
147
0
104
7
219
29
148
0
220
6
68
0
131
232
230
180
147
0
75
7
244
29
148
0
191
6
68
0
132
232
255
180
147
0
78
7
13
30
148
0
194
6
68
0
133
232
24
181
147
0
81
7
38
30
148
0
198
6
68
0
134
232
49
181
147
0
103
7
63
30
148
0
218
6
68
0
135
232
74
181
147
0
104
7
88
30
148
0
219
6
68
0
136
232
99
181
147
0
103
7
113
30
148
0
217
6
68
0
137
232
124
181
147
0
103
7
138
30
148
0
219
6
68
0
138
232
149
181
147
0
69
7
163
30
148
0
183
6
68
0
139
232
174
181
147
0
73
7
188
30
148
0
187
6
68
0
140
232
199
181
147
0
78
7
213
30
148
0
191
6
68
0
141
232
224
181
147
0
82
7
238
30
148
0
195
6
68
0
142
232
249
181
147
0
100
7
7
31
148
0
214
6
68
0
143
232
18
182
147
0
101
7
32
31
148
0
214
6
68
0
144
232
43
182
147
0
98
7
57
31
148
0
211
6
