 4
0
135
57
48
158
5
0
127
128
127
128
127
128
127
128
128
127
127
127
128
127
128
127
127
128
127
128
127
127
127
127
128
4
0
136
57
73
158
5
0
127
128
127
127
128
127
127
128
128
127
127
128
127
128
127
128
127
127
128
127
128
127
128
128
127
4
0
137
57
98
158
5
0
128
128
127
128
127
128
127
127
128
127
127
127
127
128
127
128
128
127
128
127
128
127
127
128
127
4
0
138
57
123
158
5
0
127
128
127
127
128
127
128
127
128
127
128
127
128
127
128
127
128
127
127
128
127
128
127
127
127
4
0
139
57
148
158
5
0
128
128
127
128
127
127
127
127
128
127
128
127
127
127
128
128
128
127
128
127
128
127
128
127
127
4
0
140
57
173
158
5
0
128
127
128
127
127
127
128
127
128
127
128
127
128
127
128
127
127
127
128
127
127
127
127
128
127
4
0
141
57
198
158
5
0
128
127
127
128
127
127
128
128
127
127
127
128
127
128
127
128
128
127
127
128
127
127
128
127
127
4
0
142
57
223
158
5
0
128
128
127
127
128
127
128
127
128
127
127
128
127
128
127
127
127
128
127
127
128
127
127
127
127
4
0
143
57
248
158
5
0
128
128
128
128
127
128
127
127
128
127
127
128
127
128
127
128
128
128
127
127
127
127
128
127
127
4
0
144
57
17
159
5
0
128
128
127
128
128
127
127
127
127
128
127
127
127
127
128
127
127
127
127
127
128
127
128
127
127
4
0
145
57
42
159
5
0
127
128
127
127
127
127
128
127
128
127
127
127
128
127
127
127
127
127
128
127
128
127
128
127
128
4
0
146
57
67
159
5
0
127
127
128
127
127
128
127
128
127
128
127
128
127
128
127
128
127
128
127
127
128
127
127
127
127
4
0
147
57
92
159
5
0
128
128
127
128
127
127
128
127
128
127
127
128
127
128
127
128
128
127
127
128
128
127
127
127
128
4
0
148
57
117
159
5
0
127
127
127
127
127
128
127
127
128
127
127
127
127
127
127
128
128
128
127
127
127
128
127
127
127
4
0
149
57
142
159
5
0
127
128
127
128
127
127
128
127
128
127
128
127
128
127
127
128
128
128
127
128
127
127
128
127
127
4
0
150
57
167
159
5
0
128
128
127
128
127
127
128
127
127
127
127
128
127
128
127
128
128
127
128
128
128
127
128
127
128
4
0
151
57
192
159
5
0
127
127
128
127
128
127
127
128
128
127
128
127
127
128
127
127
127
128
127
127
128
127
128
127
127
4
0
152
57
217
159
5
0
128
127
128
127
128
127
128
127
127
127
128
127
127
127
127
127
127
127
128
127
127
128
127
127
127
4
0
153
57
242
159
5
0
128
128
127
127
128
128
127
127
127
128
127
128
128
127
128
127
127
127
128
127
127
128
127
128
128
4
0
154
57
11
160
5
0
127
127
127
127
128
127
128
127
128
127
128
127
128
127
128
127
127
128
127
127
128
127
127
128
127
4
0
155
57
36
160
5
0
128
127
128
127
127
127
127
128
127
128
127
128
127
127
127
127
128
128
127
128
127
127
128
127
128
4
0
156
57
61
160
5
0
127
127
128
127
128
127
128
127
127
128
127
128
127
127
127
127
128
127
127
128
127
128
127
128
127
4
0
157
57
86
160
5
0
128
127
127
128
127
128
127
127
128
127
127
128
128
127
127
127
127
127
128
127
127
127
127
128
127
4
0
158
57
111
160
5
0
128
128
127
128
127
128
127
128
127
128
127
128
127
128
127
128
128
128
127
127
127
127
128
127
128
4
0
159
57
136
160
5
0
127
128
127
128
127
128
127
127
127
128
127
127
127
128
127
127
127
127
128
127
127
128
127
127
128
4
0
160
57
161
160
5
0
127
127
127
128
127
127
127
127
128
127
128
127
128
127
128
127
127
127
127
127
128
127
128
127
127
4
0
161
57
186
160
5
0
127
127
128
127
128
127
128
127
128
127
128
127
127
128
127
128
128
128
127
128
128
127
128
127
127
4
0
162
57
211
160
5
0
127
127
128
128
128
127
128
127
128
127
127
127
128
127
127
128
128
128
127
128
128
127
127
128
127
4
0
163
57
236
160
5
0
127
127
127
128
127
128
127
128
127
128
127
128
127
128
127
127
128
128
127
127
128
127
127
127
128
4
0
164
57
5
161
5
0
127
127
127
127
128
127
127
128
127
127
127
128
127
127
127
127
127
128
127
128
127
127
128
127
128
4
0
165
57
30
161
5
0
127
128
127
128
127
128
127
128
127
127
128
127
128
127
128
127
128
127
128
127
127
127
128
127
128
4
0
166
57
55
161
5
0
127
128
127
128
127
128
127
128
128
127
128
128
127
127
127
128
127
128
128
127
128
128
127
127
127
4
0
167
57
80
161
5
0
127
128
127
128
127
128
128
127
127
128
127
128
127
127
127
127
127
128
127
128
127
127
127
127
127
4
0
168
57
105
161
5
0
127
128
127
128
127
127
127
127
128
127
128
127
128
127
127
127
127
128
127
128
127
127
127
127
128
4
0
169
57
130
161
5
0
127
128
127
128
128
128
127
127
127
128
127
127
128
127
128
127
127
128
127
127
127
127
127
127
128
4
0
170
57
155
161
5
0
127
127
127
127
128
128
127
128
127
127
127
127
127
128
127
127
128
127
128
127
127
127
127
127
127
4
0
171
57
180
161
5
0
127
128
127
128
127
127
127
128
127
128
127
127
128
127
127
128
128
127
128
127
127
127
127
127
128
4
0
172
57
205
161
5
0
127
127
127
127
128
127
128
127
127
128
127
127
128
127
127
127
127
128
127
127
127
128
127
128
127
4
0
173
57
230
161
5
0
127
128
127
128
127
128
127
127
127
127
128
127
128
127
128
127
128
128
127
127
128
127
128
127
127
4
0
174
57
255
161
5
0
127
128
127
127
127
128
128
127
127
128
127
128
127
128
128
127
127
127
128
128
127
128
127
128
127
4
0
175
57
24
162
5
0
128
128
127
128
127
128
127
128
127
128
127
127
128
127
127
127
128
127
128
127
128
127
127
128
127
4
0
176
57
49
162
5
0
127
127
127
127
128
127
127
128
127
127
128
127
127
128
127
128
127
127
128
127
127
128
127
128
127
4
0
177
57
74
162
5
0
127
128
127
127
128
128
127
128
128
127
128
127
128
127
127
127
128
128
127
127
128
127
127
127
128
4
0
178
57
99
162
5
0
128
128
128
127
127
127
128
127
128
127
128
128
128
127
127
128
128
128
127
128
127
127
128
127
128
4
0
179
57
124
162
5
0
127
128
127
128
127
128
127
127
128
127
128
127
127
128
127
128
128
127
127
127
128
127
128
128
127
4
0
180
57
149
162
5
0
127
127
128
127
127
127
127
128
128
127
128
127
127
128
127
127
127
127
127
128
127
127
127
127
127
4
0
181
57
174
162
5
0
128
128
127
127
127
128
127
127
128
127
128
128
127
128
127
128
127
128
127
128
128
127
128
127
127
4
0
182
57
199
162
5
0
128
128
128
128
127
128
127
127
127
127
127
128
127
128
127
128
127
128
127
128
128
127
128
127
127
4
0
183
57
224
162
5
0
128
127
128
127
127
128
128
127
127
128
128
127
127
128
127
128
128
127
128
127
127
127
128
127
128
4
0
184
57
249
162
5
0
127
128
127
128
128
127
127
128
127
128
127
127
127
127
128
127
127
127
127
127
128
127
128
128
128
4
0
185
57
18
163
5
0
127
127
127
128
127
128
127
128
127
127
127
127
128
127
128
127
128
127
128
127
128
127
128
128
127
4
0
186
57
43
163
5
0
127
128
127
127
127
128
127
127
127
127
127
127
127
127
128
127
127
128
127
128
127
127
127
128
127
4
0
187
57
68
163
5
0
128
128
127
127
128
127
128
127
127
127
127
127
127
128
127
127
127
128
127
127
128
128
127
127
127
4
0
188
57
93
163
5
0
127
127
128
127
127
128
127
127
127
127
127
128
127
128
127
128
127
128
127
128
127
128
128
127
127
4
0
189
57
118
163
5
0
128
127
128
127
127
127
128
127
128
127
127
128
128
127
128
127
127
127
128
127
128
127
127
127
127
4
0
190
57
143
163
5
0
128
128
127
128
127
127
128
127
128
128
127
128
127
127
127
127
127
127
127
127
127
128
127
128
127
4
0
191
57
168
163
5
0
127
127
127
128
127
128
128
127
127
128
127
128
127
128
128
127
127
128
127
128
127
128
127
128
127
4
0
192
57
193
163
5
0
127
127
128
127
127
127
127
127
127
127
127
127
128
127
128
127
127
127
127
127
128
127
128
127
128
4
0
193
57
218
163
5
0
127
127
128
127
128
127
128
127
128
127
128
128
127
128
128
127
127
128
128
127
127
128
127
128
127
4
0
194
57
243
163
5
0
127
128
127
128
127
127
127
128
127
128
127
128
127
128
127
128
128
127
128
127
128
128
127
128
127
4
0
195
57
12
164
5
0
128
127
128
127
128
127
127
127
127
127
128
127
128
127
128
127
127
128
127
127
127
127
128
127
128
4
0
196
57
37
164
5
0
127
127
127
127
128
127
127
128
127
127
128
127
127
128
127
127
127
127
128
127
127
128
127
127
128
4
0
197
57
62
164
5
0
127
128
127
127
128
128
127
127
127
127
127
128
127
127
128
127
127
127
128
127
128
127
128
127
127
4
0
198
57
87
164
5
0
128
127
127
127
127
128
127
127
127
127
127
128
127
128
127
128
128
128
127
127
127
128
127
128
127
4
0
199
57
112
164
5
0
128
127
127
127
128
127
127
128
127
127
127
128
127
127
128
127
127
127
128
127
128
127
128
127
128
4
0
200
57
137
164
5
0
127
127
127
127
128
127
127
128
127
127
128
127
128
127
128
127
128
127
127
128
127
128
127
127
128
4
0
201
57
162
164
5
0
127
127
127
128
127
128
127
127
128
127
128
127
128
127
128
127
127
127
127
128
127
128
128
127
128
4
0
202
57
187
164
5
0
127
128
127
128
127
128
127
128
127
127
128
127
128
127
128
127
127
127
128
127
127
127
128
127
128
4
0
203
57
212
164
5
0
127
127
127
127
127
127
127
128
127
128
127
128
127
127
128
127
127
128
127
127
127
127
127
128
127
4
0
204
57
237
164
5
0
128
127
127
128
127
127
128
127
128
127
127
128
127
128
127
128
127
128
127
127
127
128
128
127
128
4
0
205
57
6
165
5
0
127
128
128
127
128
127
127
128
127
128
127
128
127
128
127
127
128
128
127
127
127
127
127
128
127
4
0
206
57
31
165
5
0
128
127
128
127
128
127
127
128
127
127
128
127
127
128
127
127
127
127
128
128
127
127
127
128
127
4
0
207
57
56
165
5
0
128
127
128
127
127
128
127
128
127
127
128
127
128
127
128
128
127
128
127
128
127
128
127
128
127
4
0
208
57
81
165
5
0
127
128
127
128
127
128
127
128
127
128
127
128
127
127
127
128
127
128
127
128
127
128
128
127
128
4
0
209
57
106
165
5
0
127
127
128
127
128
127
127
128
127
128
128
127
127
128
127
127
128
127
128
127
128
127
128
128
127
4
0
210
57
131
165
5
0
128
127
127
127
127
128
127
128
127
128
127
127
128
127
128
127
128
127
127
128
128
127
128
127
128
4
0
211
57
156
165
5
0
127
127
127
128
127
127
127
128
128
127
128
127
127
128
128
127
127
128
127
127
127
127
128
128
127
4
0
212
57
181
165
5
0
127
127
128
128
127
127
127
128
127
128
127
128
127
127
127
127
127
128
127
128
127
127
127
128
127
4
0
213
57
206
165
5
0
128
127
127
128
127
127
127
128
127
128
127
127
127
127
128
127
127
128
128
127
127
128
127
128
127
4
0
214
57
231
165
5
0
128
128
128
127
128
127
128
128
127
128
127
128
127
128
127
127
128
127
127
128
128
127
127
127
127
4
0
215
57
0
166
5
0
127
127
128
127
128
128
127
128
127
128
127
127
127
128
127
128
128
127
127
127
127
128
127
127
128
4
0
216
57
25
166
5
0
127
127
128
127
128
127
127
128
127
128
127
128
127
127
128
127
127
128
127
127
128
127
127
127
127
4
0
217
57
50
166
5
0
128
127
127
128
127
127
128
128
127
127
127
127
127
128
127
127
127
128
127
127
127
127
128
128
127
4
0
218
57
75
166
5
0
128
128
127
127
127
128
127
127
128
127
128
127
127
128
127
127
127
127
128
127
127
128
127
128
127
4
0
219
57
100
166
5
0
128
128
127
127
127
128
127
128
127
128
127
128
127
128
127
127
127
128
127
127
128
127
127
127
128
4
0
220
57
125
166
5
0
127
127
128
127
128
127
128
127
128
127
128
127
128
127
127
127
127
128
127
127
128
127
127
127
127
4
0
221
57
150
166
5
0
128
128
127
128
127
127
128
127
128
128
127
127
128
127
128
127
127
128
127
127
127
128
127
127
128
4
0
222
57
175
166
5
0
127
128
127
127
127
127
127
127
128
127
127
127
127
127
128
128
128
128
127
128
127
127
127
128
128
4
0
223
57
200
166
5
0
127
127
128
127
127
128
127
127
127
127
128
127
128
127
127
127
127
128
128
127
128
127
127
127
127
4
0
224
57
225
166
5
0
128
127
128
127
127
128
128
127
128
127
128
127
127
127
127
127
127
127
128
127
127
127
127
127
127
4
0
225
57
250
166
5
0
127
127
127
127
127
127
127
128
127
128
127
128
127
127
128
127
127
127
128
127
127
127
127
127
128
4
0
226
57
19
167
5
0
127
128
127
128
127
128
127
127
128
127
127
127
128
127
128
127
127
128
128
127
127
127
127
128
127
4
0
227
57
44
167
5
0
127
128
127
128
128
127
128
128
128
127
127
127
127
127
127
127
127
128
127
128
128
128
127
128
127
4
0
228
57
69
167
5
0
128
127
127
127
127
127
127
127
127
128
127
128
127
128
127
128
128
127
128
128
127
127
128
127
128
4
0
229
57
94
167
5
0
128
127
127
128
127
128
128
127
127
127
127
127
127
128
127
127
127
128
127
128
127
128
127
128
127
4
0
230
57
119
167
5
0
127
127
127
128
127
128
127
128
127
127
128
127
128
127
128
127
128
128
127
127
128
127
128
127
128
4
0
231
57
144
167
5
0
127
127
127
128
127
127
127
128
127
128
127
128
127
128
127
128
127
127
128
127
128
128
127
127
127
4
0
232
57
169
167
5
0
127
128
127
128
127
128
127
128
127
128
127
128
127
128
127
127
127
127
128
127
127
128
127
127
128
4
0
233
57
194
167
5
0
127
127
127
128
127
127
128
127
128
127
128
127
128
127
128
127
127
127
128
127
128
127
127
127
127
4
0
234
57
219
167
5
0
128
127
127
128
127
128
127
128
127
128
127
128
127
128
127
128
128
127
128
127
127
128
127
127
127
4
0
235
57
244
167
5
0
127
128
127
128
127
128
127
128
127
128
127
128
127
127
127
127
127
127
128
127
127
128
127
128
127
4
0
236
57
13
168
5
0
127
128
127
127
128
127
127
127
127
128
127
127
128
127
127
127
127
127
128
128
127
127
128
127
128
4
0
237
57
38
168
5
0
128
127
127
128
128
127
127
128
127
128
127
128
127
128
127
127
127
127
128
127
127
127
127
128
127
4
0
238
57
63
168
5
0
128
127
127
127
128
128
128
128
127
128
128
127
128
127
127
127
127
128
128
127
127
127
128
127
128
4
0
239
57
88
168
5
0
127
128
127
127
127
127
127
127
128
127
128
127
128
127
128
127
127
127
128
127
128
127
127
128
127
4
0
240
57
113
168
5
0
128
128
127
127
128
127
128
127
127
127
127
127
127
127
128
127
128
127
128
127
127
127
127
128
127
4
0
241
57
138
168
5
0
127
127
128
127
128
127
127
128
127
127
128
127
127
127
127
128
128
127
127
128
127
127
128
127
128
4
0
242
57
163
168
5
0
127
127
128
127
127
127
128
127
128
127
127
128
127
128
127
128
127
127
128
127
128
128
128
128
127
4
0
243
57
188
168
5
0
128
128
127
127
127
128
127
127
128
127
128
127
128
127
127
127
127
127
127
127
127
127
127
127
127
4
0
244
57
213
168
5
0
128
128
127
127
127
128
127
128
127
127
128
127
128
127
128
127
127
127
128
128
127
127
127
127
127
4
0
245
57
238
168
5
0
128
127
128
127
128
127
127
128
127
128
127
128
127
128
127
127
127
127
128
127
127
128
127
128
127
4
0
246
57
7
169
5
0
127
127
127
128
127
128
128
127
127
128
127
128
127
128
127
128
127
128
127
127
127
127
127
128
127
4
0
247
57
32
169
5
0
128
128
127
128
127
128
127
127
128
127
127
128
128
127
128
127
127
128
127
127
127
128
127
127
127
4
0
248
57
57
169
5
0
127
127
127
128
128
127
128
127
127
128
127
128
128
127
128
127
127
127
128
127
128
127
128
127
128
4
0
249
57
82
169
5
0
127
128
128
127
128
127
127
128
127
127
127
127
127
128
127
127
127
127
128
127
127
128
127
128
128
4
0
250
57
107
169
5
0
127
127
128
127
128
127
127
127
128
127
128
127
127
127
128
127
127
127
127
128
127
128
127
128
127
4
0
251
57
132
169
5
0
127
127
128
127
127
127
128
127
127
128
127
128
127
128
127
127
127
128
127
127
127
128
127
127
128
4
0
252
57
157
169
5
0
127
128
127
127
128
128
128
127
128
127
128
127
128
127
128
127
127
127
128
127
128
128
127
128
127
4
0
253
57
182
169
5
0
128
128
127
128
127
128
127
128
127
128
127
127
128
127
127
127
127
127
127
128
127
128
127
127
127
4
0
254
57
207
169
5
0
128
128
127
127
127
128
127
127
127
127
127
128
127
127
127
127
127
128
128
127
127
128
127
128
127
4
0
255
57
232
169
5
0
127
127
127
128
127
128
127
128
128
127
128
127
128
127
128
127
128
127
128
127
127
127
128
127
128
4
0
0
58
1
170
5
0
127
127
127
127
127
127
127
127
128
127
128
127
127
127
127
128
128
128
127
127
128
127
127
127
127
4
0
1
58
26
170
5
0
128
127
127
128
127
128
127
127
128
127
128
127
128
127
127
127
128
128
127
128
127
128
127
127
128
4
0
2
58
51
170
5
0
127
127
128
127
127
128
127
127
128
127
128
127
128
127
128
127
127
128
128
127
127
127
128
127
127
4
0
3
58
76
170
5
0
127
127
128
127
128
128
127
128
127
127
127
127
128
128
128
127
128
128
127
128
128
127
127
128
127
4
0
4
58
101
170
5
0
128
128
127
128
127
127
127
127
127
128
127
128
127
127
127
127
128
127
127
128
127
128
127
128
127
4
0
5
58
126
170
5
0
127
127
127
128
127
128
127
127
128
127
127
128
127
128
127
128
128
128
127
127
128
127
128
127
127
4
0
6
58
151
170
5
0
127
127
128
127
127
128
127
127
127
127
127
127
128
127
128
127
127
128
127
127
127
128
127
127
127
4
0
7
58
176
170
5
0
128
128
127
127
128
128
127
127
128
127
128
128
127
128
127
128
128
127
127
127
128
127
127
128
128
4
0
8
58
201
170
5
0
128
127
128
127
128
127
128
127
128
127
127
128
127
128
127
128
128
127
127
128
127
128
128
127
128
4
0
9
58
226
170
5
0
127
127
128
128
127
127
128
127
128
127
128
127
128
128
127
128
127
128
127
127
127
127
127
127
127
4
0
10
58
251
170
5
0
127
127
128
127
128
127
127
128
127
127
128
127
128
127
128
127
127
127
127
128
127
128
127
128
127
4
0
11
58
20
171
5
0
128
128
128
127
127
128
127
128
127
127
127
127
127
127
128
127
128
128
127
128
127
128
127
128
128
4
0
12
58
45
171
5
0
127
127
128
127
128
127
128
127
128
127
128
127
127
127
128
127
128
127
128
128
127
128
127
128
127
4
0
13
58
70
171
5
0
127
127
127
128
127
127
128
127
127
128
127
128
127
128
127
128
128
127
128
127
128
127
127
127
127
4
0
14
58
95
171
5
0
127
127
128
127
127
127
127
128
127
127
128
127
128
127
128
127
128
128
127
128
128
128
127
128
127
4
0
15
58
120
171
5
0
128
128
127
128
127
128
127
127
128
127
128
127
128
127
128
127
128
127
128
127
127
128
127
128
127
4
0
16
58
145
171
5
0
128
127
127
127
128
127
127
127
128
128
127
128
127
127
127
128
127
127
127
127
127
128
127
127
127
4
0
17
58
170
171
5
0
128
128
127
128
127
127
127
128
127
128
127
127
127
128
127
128
127
127
128
128
127
127
127
127
127
4
0
18
58
195
171
5
0
128
128
128
127
128
127
127
128
127
128
127
127
128
127
127
127
127
128
127
127
128
127
128
127
127
4
0
19
58
220
171
5
0
128
128
128
127
127
127
128
127
128
127
127
128
127
127
128
127
127
128
127
128
128
127
128
127
127
4
0
20
58
245
171
5
0
127
127
128
127
127
128
127
128
128
127
128
127
128
127
127
128
128
128
127
128
127
127
128
127
128
4
0
21
58
14
172
5
0
127
128
127
127
128
127
128
128
127
128
128
127
128
127
127
128
127
127
128
127
127
127
128
128
127
4
0
22
58
39
172
5
0
127
127
127
128
127
128
128
127
128
127
127
127
127
128
127
128
128
127
128
127
127
128
127
127
128
4
0
23
58
64
172
5
0
128
127
127
128
127
128
127
127
128
127
128
127
128
127
128
127
127
128
127
128
127
128
127
127
127
4
0
24
58
89
172
5
0
128
127
128
127
128
127
127
128
127
128
127
128
127
128
127
128
128
128
127
128
127
128
127
127
128
4
0
25
58
114
172
5
0
127
127
128
127
128
127
127
127
127
127
127
128
127
127
127
127
128
127
127
128
127
127
127
128
127
4
0
26
58
139
172
5
0
127
128
128
127
127
127
127
127
127
128
127
127
128
127
128
127
127
127
127
128
127
127
127
127
128
4
0
27
58
164
172
5
0
127
127
127
127
127
128
127
127
127
127
128
127
127
128
127
127
128
128
127
128
127
128
127
128
128
4
0
28
58
189
172
5
0
127
128
127
128
127
128
127
128
127
128
127
128
127
127
128
127
127
127
128
127
127
128
127
128
128
4
0
29
58
214
172
5
0
127
128
127
128
127
127
127
127
128
128
127
127
127
128
127
128
127
127
127
127
127
128
127
128
127
4
0
30
58
239
172
5
0
128
127
128
127
128
127
127
128
127
127
128
127
128
127
127
127
128
127
128
127
127
127
128
127
127
4
0
31
58
8
173
5
0
128
127
127
128
127
128
127
127
127
128
127
128
127
128
128
127
128
128
127
128
127
128
127
127
128
4
0
32
58
33
173
5
0
127
127
127
128
127
128
127
128
127
128
127
127
128
127
128
127
128
128
127
127
127
128
127
128
127
4
0
33
58
58
173
5
0
127
127
128
127
127
128
127
127
128
127
128
127
128
127
128
127
127
127
127
128
127
128
127
127
127
4
0
34
58
83
173
5
0
127
127
127
128
127
127
128
127
127
128
127
128
127
127
127
127
128
127
127
128
127
128
127
127
127
4
0
35
58
108
173
5
0
127
127
127
127
128
127
128
127
127
127
128
127
128
127
128
127
127
127
127
127
128
127
127
128
127
4
0
36
58
133
173
5
0
127
128
128
128
128
127
128
127
128
127
128
127
128
127
128
127
127
127
127
127
127
128
128
127
128
4
0
37
58
158
173
5
0
128
127
128
127
128
127
127
127
128
127
128
127
127
127
127
127
128
128
127
127
127
127
127
127
127
4
0
38
58
183
173
5
0
128
127
127
128
127
128
127
127
128
128
127
128
127
127
128
127
128
127
127
127
127
127
128
127
127
4
0
39
58
208
173
5
0
128
127
127
127
127
127
127
127
127
128
127
128
127
128
127
127
128
128
127
127
128
127
128
127
128
4
0
40
58
233
173
5
0
128
128
127
127
127
127
128
127
127
128
128
127
128
127
128
127
127
127
128
127
127
128
127
128
127
4
0
41
58
2
174
5
0
127
128
127
127
127
128
127
128
127
127
127
127
128
127
128
127
127
128
127
127
128
127
127
127
128
4
0
42
58
27
174
5
0
127
127
127
128
127
128
127
127
127
128
127
128
127
128
127
127
127
127
127
127
127
127
127
127
127
4
0
43
58
52
174
5
0
128
127
128
127
127
128
127
128
127
128
127
128
127
127
128
127
127
127
128
127
128
127
128
127
128
4
0
44
58
77
174
5
0
127
127
128
127
128
127
127
128
127
127
128
127
127
127
128
127
127
127
127
127
128
127
128
127
127
4
0
45
58
102
174
5
0
128
128
127
128
128
127
127
128
127
128
127
127
128
127
127
127
127
127
128
128
127
127
127
128
127
4
0
46
58
127
174
5
0
128
128
127
128
127
127
128
127
128
128
127
127
128
127
127
127
127
128
127
127
128
127
128
127
128
4
0
47
58
152
174
5
0
127
128
127
128
127
128
127
128
127
127
128
127
128
127
128
127
128
128
127
127
128
127
127
127
127
4
0
48
58
177
174
5
0
128
127
127
127
127
127
127
128
127
127
128
127
127
127
127
127
128
127
127
127
128
127
128
127
128
4
0
49
58
202
174
5
0
127
127
128
127
127
127
128
127
127
128
127
127
128
127
127
127
127
127
128
127
127
127
127
127
128
4
0
50
58
227
174
5
0
127
128
127
128
127
127
127
128
127
127
128
127
127
128
127
128
128
127
127
128
127
127
127
128
127
4
0
51
58
252
174
5
0
127
127
128
127
127
127
127
128
127
128
127
128
128
127
128
128
128
127
127
128
127
127
127
128
127
4
0
52
58
21
175
5
0
127
127
127
127
127
128
127
127
127
128
127
128
128
127
128
127
127
127
128
127
128
127
127
128
127
4
0
53
58
46
175
5
0
128
128
127
127
127
128
127
127
127
128
127
127
128
128
127
128
128
127
128
127
128
128
127
128
127
4
0
54
58
71
175
5
0
128
127
127
127
127
128
127
127
128
127
127
128
127
128
127
127
127
127
128
127
128
127
128
127
128
4
0
55
58
96
175
5
0
127
127
128
127
128
127
128
127
128
127
128
127
127
128
127
128
127
128
127
127
128
127
128
127
127
4
0
56
58
121
175
5
0
128
127
128
127
128
127
127
128
127
127
127
127
128
127
128
127
127
127
128
127
127
128
128
127
128
4
0
57
58
146
175
5
0
127
127
128
127
128
127
127
127
128
127
128
128
127
127
127
128
127
128
127
127
128
127
127
127
127
4
0
58
58
171
175
5
0
128
127
127
128
127
127
127
127
128
127
127
128
127
128
127
128
127
127
128
127
128
127
128
127
128
4
0
59
58
196
175
5
0
127
128
127
127
127
128
127
127
128
127
128
127
128
127
128
127
128
127
127
128
128
127
128
128
127
4
0
60
58
221
175
5
0
128
128
127
128
127
128
127
128
127
128
127
128
127
128
127
128
128
127
128
127
128
127
128
127
128
4
0
61
58
246
175
5
0
127
127
127
128
127
128
128
127
127
128
127
128
127
128
127
127
127
127
128
127
128
127
128
128
127
4
0
62
58
15
176
5
0
128
128
127
128
127
127
128
127
128
127
128
127
128
127
127
127
128
127
128
128
127
128
127
128
127
4
0
63
58
40
176
5
0
127
128
127
128
127
128
127
128
127
128
127
127
128
127
127
127
127
127
128
127
127
127
128
127
127
4
0
64
58
65
176
5
0
127
127
127
128
128
127
127
128
127
127
127
128
127
128
127
127
127
128
128
127
128
127
128
127
128
4
0
65
58
90
176
5
0
128
128
127
127
127
127
128
127
128
127
128
127
127
127
127
127
127
128
127
127
128
127
128
127
127
4
0
66
58
115
176
5
0
128
127
127
128
127
127
128
127
127
127
127
127
128
127
128
127
128
127
127
127
127
127
128
127
127
4
0
67
58
140
176
5
0
128
128
128
127
127
128
127
128
127
127
128
127
128
127
127
128
128
127
128
127
128
127
128
127
128
4
0
68
58
165
176
5
0
127
128
127
127
127
128
127
128
127
127
128
127
128
128
127
128
128
127
127
128
127
127
127
128
127
4
0
69
58
190
176
5
0
127
127
128
128
127
128
127
128
127
128
127
128
127
127
127
127
127
128
127
128
127
128
127
127
128
4
0
70
58
215
176
5
0
127
127
127
128
127
128
127
128
127
128
127
128
128
127
127
128
128
127
127
128
127
128
128
128
128
4
0
71
58
240
176
5
0
127
128
127
128
127
128
127
128
127
128
127
128
127
128
127
127
128
127
127
128
127
127
128
127
127
4
0
72
58
9
177
5
0
127
127
128
127
128
127
127
128
127
127
128
127
128
127
127
127
128
127
127
128
127
127
127
128
127
4
0
73
58
34
177
5
0
127
127
127
128
127
128
127
128
127
127
128
127
128
127
128
127
127
128
127
128
127
127
128
127
128
4
0
74
58
59
177
5
0
127
128
127
127
128
127
128
127
127
127
127
127
127
128
127
128
127
127
127
128
127
128
127
128
127
4
0
75
58
84
177
5
0
128
127
127
128
127
127
127
128
127
128
128
127
128
127
127
128
127
128
127
128
128
127
127
128
127
4
0
76
58
109
177
5
0
128
127
128
127
128
127
127
127
128
127
127
127
128
127
127
128
128
127
128
127
128
127
128
127
127
4
0
77
58
134
177
5
0
127
127
128
127
127
127
127
128
127
127
128
127
127
128
127
128
128
127
127
128
127
127
127
127
127
4
0
78
58
159
177
5
0
127
128
128
127
128
127
128
127
128
127
127
127
127
127
127
127
128
127
127
128
127
127
128
127
128
4
0
79
58
184
177
5
0
128
127
128
127
127
127
128
127
128
127
128
127
127
127
127
127
127
127
128
127
127
127
127
127
128
4
0
80
58
209
177
5
0
127
127
127
128
128
127
127
127
128
127
128
128
127
127
128
127
128
128
128
127
127
127
128
127
128
4
0
81
58
234
177
5
0
127
127
127
127
127
127
127
127
128
127
128
127
127
128
127
127
128
128
127
128
127
128
127
128
127
4
0
82
58
3
178
5
0
128
127
127
128
127
128
127
128
127
128
127
128
127
127
128
127
127
127
127
127
127
128
127
128
127
4
0
83
58
28
178
5
0
128
127
128
127
128
127
128
127
128
127
128
127
127
127
127
127
128
127
127
127
127
128
127
127
128
4
0
84
58
53
178
5
0
127
128
127
128
127
128
127
127
127
127
127
128
127
128
127
127
128
127
127
127
127
128
127
128
127
4
0
85
58
78
178
5
0
128
127
127
127
127
127
127
128
127
128
127
127
127
128
127
128
127
127
128
127
127
128
127
128
127
4
0
86
58
103
178
5
0
128
128
127
127
127
127
127
128
127
128
127
128
127
127
128
128
128
127
127
128
127
128
127
128
127
4
0
87
58
128
178
5
0
128
128
127
127
127
128
127
127
128
127
128
127
128
128
127
128
127
128
127
128
128
127
128
127
127
4
0
88
58
153
178
5
0
127
127
127
128
127
127
128
127
127
128
127
128
128
127
128
127
127
127
128
127
127
127
127
127
128
4
0
89
58
178
178
5
0
127
127
127
128
127
128
127
128
127
128
127
128
127
128
127
128
128
127
127
128
127
128
127
127
127
4
0
90
58
203
178
5
0
128
127
127
127
127
127
128
127
128
127
128
127
127
128
127
128
128
127
128
127
128
127
127
127
127
4
0
91
58
228
178
5
0
128
128
127
128
127
127
127
128
127
127
127
127
128
127
128
128
128
127
127
127
127
127
127
128
128
4
0
92
58
253
178
5
0
128
127
127
128
127
128
127
127
128
127
128
127
128
127
128
127
127
128
128
127
128
127
127
128
127
4
0
93
58
22
179
5
0
128
127
127
128
127
127
128
127
128
127
127
127
128
127
127
128
127
127
127
127
128
128
127
127
127
4
0
94
58
47
179
5
0
127
128
128
128
128
127
128
128
127
127
128
127
128
127
128
127
127
127
127
127
127
128
127
128
127
4
0
95
58
72
179
5
0
128
127
127
128
127
128
127
128
127
128
127
128
127
127
127
128
128
128
127
128
127
128
127
127
128
4
0
96
58
97
179
5
0
128
128
128
127
128
127
128
127
127
128
127
128
127
128
127
128
127
127
127
128
127
128
127
127
127
4
0
97
58
122
179
5
0
128
127
127
128
127
127
128
127
127
128
127
127
127
127
128
127
127
127
128
128
127
128
127
128
127
4
0
98
58
147
179
5
0
127
127
127
128
127
128
127
127
128
127
127
127
128
127
128
128
127
128
127
127
127
127
127
127
127
4
0
99
58
172
179
5
0
127
127
127
128
128
127
127
127
128
127
128
127
127
128
127
128
128
128
127
128
127
128
127
128
127
4
0
100
58
197
179
5
0
127
128
127
128
127
127
127
127
127
128
127
128
127
128
127
128
127
127
127
127
128
127
127
127
127
4
0
101
58
222
179
5
0
127
128
127
127
128
127
128
127
128
127
128
127
128
127
128
127
128
128
127
127
127
128
127
128
127
4
0
102
58
247
179
5
0
128
127
128
127
127
128
127
128
127
128
127
127
127
128
127
128
128
127
127
128
127
128
127
127
128
4
0
103
58
16
180
5
0
127
127
128
127
127
128
127
127
127
127
127
127
128
127
127
128
128
127
127
128
127
127
127
128
127
4
0
104
58
41
180
5
0
128
127
127
127
127
127
127
127
127
128
128
127
128
127
128
127
127
128
127
127
128
127
127
128
127
4
0
105
58
66
180
5
0
127
127
128
127
127
127
128
127
127
128
127
127
128
127
128
127
127
127
127
127
128
127
127
128
127
4
0
106
58
91
180
5
0
127
128
127
128
127
127
127
128
128
127
127
127
128
127
127
128
127
128
128
127
127
128
127
127
128
4
0
107
58
116
180
5
0
127
128
127
128
127
128
127
127
127
128
127
128
127
127
127
127
127
128
128
127
127
127
127
127
127
4
0
108
58
141
180
5
0
127
128
127
128
127
127
127
127
127
128
127
128
127
128
127
128
127
128
127
128
127
127
128
127
127
4
0
109
58
166
180
5
0
127
128
127
128
128
127
127
128
127
128
127
127
128
127
127
127
128
127
127
128
127
127
128
127
128
4
0
110
58
191
180
5
0
127
127
127
128
127
127
128
128
127
128
127
127
128
127
128
127
128
128
127
127
127
128
127
128
127
4
0
111
58
216
180
5
0
127
128
127
128
127
127
127
128
127
128
127
127
127
127
128
127
128
128
127
127
127
127
127
127
128
4
0
112
58
241
180
5
0
127
127
128
128
127
127
127
128
127
128
127
127
127
128
127
128
127
127
127
128
127
127
127
127
127
4
0
113
58
10
181
5
0
128
128
127
128
127
128
127
127
127
128
127
127
127
127
127
128
128
127
127
128
127
127
128
127
127
4
0
114
58
35
181
5
0
127
127
128
127
127
127
127
127
128
127
127
127
127
128
127
128
128
127
127
128
127
128
128
127
127
4
0
115
58
60
181
5
0
127
128
127
128
127
128
127
127
127
128
128
127
127
127
127
127
128
128
127
127
128
127
127
127
127
4
0
116
58
85
181
5
0
127
127
128
127
128
127
128
127
128
127
128
127
128
127
127
127
128
127
127
128
127
128
127
128
127
4
0
117
58
110
181
5
0
128
128
128
127
128
127
127
128
127
128
127
128
127
127
127
127
127
127
128
127
128
127
127
128
127
4
0
118
58
135
181
5
0
128
128
127
128
127
127
128
127
128
127
128
127
128
127
128
127
127
128
127
127
128
128
127
127
127
4
0
119
58
160
181
5
0
127
127
128
127
128
127
128
127
128
127
128
127
128
127
127
127
128
127
127
128
127
128
127
127
128
4
0
120
58
185
181
5
0
127
127
127
128
127
127
127
127
128
127
128
127
127
127
127
127
127
127
127
128
127
127
128
127
128
4
0
121
58
210
181
5
0
127
127
128
127
128
127
128
127
127
127
127
128
127
128
127
128
127
127
128
127
127
127
127
128
127
4
0
122
58
235
181
5
0
127
127
128
127
128
127
128
127
128
127
127
128
127
127
128
128
127
127
128
127
127
127
128
127
127
4
0
123
58
4
182
5
0
127
127
128
127
128
127
127
128
127
127
127
128
127
128
127
127
127
127
128
127
128
127
127
128
127
4
0
124
58
29
182
5
0
128
128
127
128
127
127
127
127
127
127
128
128
127
128
127
127
127
127
127
127
127
128
127
128
128
4
0
125
58
54
182
5
0
127
127
127
128
127
128
127
128
127
128
128
127
127
127
128
127
127
127
128
127
128
127
127
128
127
4
0
126
58
79
182
5
0
128
128
127
127
128
127
127
127
128
127
127
127
128
127
128
128
128
128
127
127
127
128
128
127
128
4
0
127
58
104
182
5
0
127
127
127
128
127
128
127
127
128
127
128
127
128
127
128
127
127
128
127
127
127
128
127
127
127
4
0
128
58
129
182
5
0
128
127
128
128
127
128
127
127
128
127
128
127
128
127
127
128
128
127
127
127
127
128
127
128
127
4
0
129
58
154
182
5
0
128
127
128
127
128
127
127
128
127
127
128
127
128
127
128
127
127
127
128
127
128
127
127
128
127
4
0
130
58
179
182
5
0
128
127
127
128
127
128
127
128
128
127
128
127
128
127
128
127
127
127
127
127
127
127
127
127
127
4
0
131
58
204
182
5
0
127
128
127
128
127
128
127
128
127
127
128
127
128
127
128
127
128
128
127
128
127
128
127
128
128
4
0
132
58
229
182
5
0
127
128
127
128
127
128
127
127
128
127
128
127
128
127
128
127
128
127
127
127
128
127
128
127
127
4
0
133
58
254
182
5
0
128
127
128
127
128
128
127
127
128
127
127
127
127
127
127
127
128
127
127
127
127
127
127
127
127
4
0
134
58
23
183
5
0
128
128
127
127
127
128
128
127
127
127
128
127
127
128
127
128
128
127
127
128
128
128
127
127
127
4
0
135
58
48
183
5
0
128
127
127
127
128
128
127
128
127
128
127
128
127
128
127
128
127
127
128
127
128
127
127
128
127
4
0
136
58
73
183
5
0
127
127
128
127
128
127
128
127
127
128
127
127
128
127
128
128
127
128
128
127
128
127
128
127
127
4
0
137
58
98
183
5
0
127
127
127
128
127
128
127
128
127
128
127
128
127
128
127
127
127
128
127
127
127
127
128
128
127
4
0
138
58
123
183
5
0
128
128
127
128
127
128
127
127
128
127
128
127
128
127
128
127
127
128
127
127
128
127
127
128
127
4
0
139
58
148
183
5
0
128
128
127
127
128
128
127
128
127
127
128
127
128
127
128
127
127
128
127
127
128
127
128
127
128
4
0
140
58
173
183
5
0
128
128
127
128
128
127
127
128
127
128
127
127
127
128
127
127
127
127
128
127
127
128
127
127
127
4
0
141
58
198
183
5
0
128
128
127
128
127
128
127
128
128
127
128
127
127
127
128
127
127
128
127
128
127
127
128
127
127
4
0
142
58
223
183
5
0
128
128
127
128
128
127
127
127
128
128
127
128
128
127
128
127
128
127
128
128
128
127
128
127
127
4
0
143
58
248
183
5
0
127
128
128
127
127
128
127
128
127
127
127
127
127
127
127
127
127
127
127
128
127
127
127
127
127
4
0
144
58
17
184
5
0
127
127
128
128
127
128
127
128
127
127
127
127
128
127
127
128
128
128
127
128
127
128
127
127
127
4
0
145
58
42
184
5
0
127
128
127
127
127
127
128
127
127
127
128
127
128
127
128
127
127
128
127
128
127
127
128
128
127
4
0
146
58
67
184
5
0
127
127
127
127
127
127
128
127
127
127
128
127
128
127
128
127
127
127
127
127
127
128
127
127
127
4
0
147
58
92
184
5
0
128
128
127
128
128
127
128
127
127
128
127
127
127
127
128
127
127
128
127
128
127
128
127
128
127
4
0
148
58
117
184
5
0
128
127
128
128
127
128
127
128
127
128
128
127
127
127
127
128
128
128
127
127
128
127
127
127
128
4
0
149
58
142
184
5
0
127
127
127
127
127
127
128
128
127
127
127
128
128
127
128
127
127
127
128
128
127
127
128
127
127
4
0
150
58
167
184
5
0
128
128
127
128
127
127
127
128
127
128
127
128
127
128
127
128
128
127
127
127
127
127
127
127
127
4
0
151
58
192
184
5
0
127
128
127
128
127
127
127
127
128
127
127
127
128
128
127
128
128
128
127
128
127
128
127
128
127
4
0
152
58
217
184
5
0
128
127
127
128
127
128
127
128
127
127
127
127
128
127
128
127
128
128
127
128
127
128
127
127
128
4
0
153
58
242
184
5
0
127
127
128
127
128
127
127
128
127
127
127
128
127
128
127
128
128
127
128
127
127
128
127
127
127
4
0
154
58
11
185
5
0
128
127
128
127
127
128
127
128
127
127
128
127
128
127
128
127
127
127
128
127
127
127
127
128
127
4
0
155
58
36
185
5
0
128
127
127
128
127
128
127
128
127
127
128
127
128
127
128
127
127
127
128
127
128
127
128
127
127
4
0
156
58
61
185
5
0
127
127
128
127
128
128
127
128
127
127
127
128
127
127
128
127
127
128
127
127
127
127
128
127
128
4
0
157
58
86
185
5
0
127
127
127
127
128
127
128
127
128
127
128
127
128
127
128
127
128
128
127
128
128
127
128
127
127
4
0
158
58
111
185
5
0
127
127
127
128
127
127
127
127
127
128
127
127
127
127
128
127
127
127
128
127
128
127
127
127
128
4
0
159
58
136
185
5
0
127
127
127
128
127
128
127
128
127
127
128
127
128
127
128
127
127
127
128
127
127
127
127
128
127
4
0
160
58
161
185
5
0
127
128
127
128
127
128
127
127
128
127
127
128
128
127
128
127
127
128
127
128
127
128
127
128
127
4
0
161
58
186
185
5
0
127
128
127
127
128
127
128
127
128
127
128
127
127
127
127
128
128
127
128
127
127
128
127
128
127
4
0
162
58
211
185
5
0
127
127
127
128
127
128
127
128
127
127
127
127
127
128
127
128
128
128
127
127
128
127
128
127
128
4
0
163
58
236
185
5
0
127
127
128
127
128
127
127
127
127
127
128
127
128
127
127
127
127
128
127
127
128
127
127
128
127
4
0
164
58
5
186
5
0
127
127
128
127
127
128
127
128
127
128
127
127
128
127
128
127
127
128
128
127
127
128
127
128
127
4
0
165
58
30
186
5
0
127
127
127
127
128
127
127
127
127
127
128
127
128
128
127
128
128
128
128
127
128
127
127
127
127
4
0
166
58
55
186
5
0
127
127
128
127
127
127
127
128
127
127
127
127
128
127
127
128
128
128
127
128
127
127
128
127
128
4
0
167
58
80
186
5
0
127
128
127
128
127
128
127
128
127
127
127
128
127
127
127
128
128
128
127
128
127
128
127
127
128
4
0
168
58
105
186
5
0
127
128
127
128
127
128
127
128
127
127
128
128
127
128
128
127
127
128
127
128
127
128
127
127
128
4
0
169
58
130
186
5
0
127
128
127
128
127
127
128
127
127
128
127
128
127
128
127
128
128
127
127
128
128
127
127
127
127
4
0
170
58
155
186
5
0
127
127
128
127
128
127
127
128
127
127
128
127
128
127
128
127
127
127
127
127
128
127
128
127
127
4
0
171
58
180
186
5
0
128
127
128
127
127
127
128
128
127
128
127
128
127
127
127
128
128
127
127
128
127
128
127
128
127
4
0
172
58
205
186
5
0
128
128
127
128
127
128
128
127
127
128
127
127
128
127
128
127
128
127
127
128
127
127
127
128
127
4
0
173
58
230
186
5
0
127
127
127
128
128
127
128
127
127
128
127
127
127
128
127
127
127
128
127
127
127
128
127
128
128
4
0
174
58
255
186
5
0
127
127
128
127
127
128
127
127
127
127
127
127
127
128
127
127
127
128
128
127
128
127
127
127
127
4
0
175
58
24
187
5
0
127
127
128
127
128
127
127
127
127
128
127
127
128
127
128
127
127
127
128
127
128
127
128
127
128
4
0
176
58
49
187
5
0
128
128
127
128
127
128
127
127
128
127
128
127
127
127
127
127
128
128
128
127
128
127
128
127
128
4
0
177
58
74
187
5
0
128
128
127
127
127
128
127
128
127
127
128
127
128
127
128
127
127
127
128
127
127
128
127
128
127
4
0
178
58
99
187
5
0
127
127
128
127
128
127
127
127
127
128
127
127
127
128
127
128
128
128
127
127
127
127
128
127
128
4
0
179
58
124
187
5
0
127
127
127
128
127
127
127
127
127
127
127
127
128
127
127
127
127
127
127
127
127
127
127
128
127
4
0
180
58
149
187
5
0
128
127
127
127
127
128
127
128
127
128
127
128
127
127
128
127
127
128
128
127
127
128
127
127
128
4
0
181
58
174
187
5
0
128
128
127
128
127
128
127
128
127
128
127
128
127
127
128
127
127
128
128
127
128
127
128
128
127
4
0
182
58
199
187
5
0
127
128
127
127
128
128
127
128
127
127
128
127
127
128
127
127
128
127
128
127
128
127
127
127
127
4
0
183
58
224
187
5
0
128
127
128
127
127
128
127
127
127
128
128
127
127
128
127
128
127
127
127
128
127
127
127
127
127
4
0
184
58
249
187
5
0
128
127
128
127
127
127
127
128
127
128
127
127
128
127
128
127
127
128
127
127
127
127
128
127
128
4
0
185
58
18
188
5
0
127
128
127
128
127
127
128
127
128
127
128
127
128
127
128
127
127
127
128
127
128
128
128
127
127
4
0
186
58
43
188
5
0
128
128
127
127
127
128
127
128
127
127
127
127
128
127
127
127
127
128
127
127
127
128
127
128
127
4
0
187
58
68
188
5
0
127
128
127
128
127
128
127
128
127
128
127
127
127
127
127
127
127
127
128
128
127
127
127
127
127
4
0
188
58
93
188
5
0
127
128
127
128
127
128
128
127
128
127
127
128
127
127
127
127
128
127
128
128
127
128
127
127
127
4
0
189
58
118
188
5
0
128
128
127
127
127
127
128
127
127
127
127
127
128
127
128
127
128
128
127
128
127
128
127
128
128
4
0
190
58
143
188
5
0
127
128
127
128
127
127
128
127
127
128
127
127
127
128
127
128
128
127
127
128
127
127
127
127
128
4
0
191
58
168
188
5
0
127
128
127
128
127
128
127
127
128
127
128
127
128
127
128
127
128
128
127
128
127
128
127
128
127
4
0
192
58
193
188
5
0
128
127
128
127
127
127
128
127
127
128
127
128
127
127
127
128
128
128
127
128
127
128
127
127
127
4
0
193
58
218
188
5
0
127
127
127
128
127
127
128
127
128
127
128
127
128
127
127
127
127
127
127
127
128
127
128
127
127
4
0
194
58
243
188
5
0
127
127
127
127
128
127
128
127
128
127
127
127
128
127
128
127
127
128
127
127
127
127
127
128
127
4
0
195
58
12
189
5
0
128
128
127
127
127
127
127
128
127
127
128
127
127
128
127
128
128
127
127
128
127
127
128
128
128
4
0
196
58
37
189
5
0
128
127
127
127
128
127
128
127
127
128
127
128
127
128
127
128
128
127
127
128
127
128
127
128
127
