 68
0
82
53
29
53
5
0
108
7
60
158
5
0
199
5
68
0
83
53
54
53
5
0
76
7
85
158
5
0
167
5
68
0
84
53
79
53
5
0
80
7
110
158
5
0
171
5
68
0
85
53
104
53
5
0
83
7
135
158
5
0
174
5
68
0
86
53
129
53
5
0
99
7
160
158
5
0
190
5
68
0
87
53
154
53
5
0
138
7
185
158
5
0
229
5
68
0
88
53
179
53
5
0
109
7
210
158
5
0
199
5
68
0
89
53
204
53
5
0
99
7
235
158
5
0
190
5
68
0
90
53
229
53
5
0
70
7
4
159
5
0
161
5
68
0
91
53
254
53
5
0
74
7
29
159
5
0
164
5
68
0
92
53
23
54
5
0
79
7
54
159
5
0
169
5
68
0
93
53
48
54
5
0
134
7
79
159
5
0
225
5
68
0
94
53
73
54
5
0
108
7
104
159
5
0
198
5
68
0
95
53
98
54
5
0
99
7
129
159
5
0
189
5
68
0
96
53
123
54
5
0
104
7
154
159
5
0
193
5
68
0
97
53
148
54
5
0
105
7
179
159
5
0
194
5
68
0
98
53
173
54
5
0
69
7
204
159
5
0
158
5
68
0
99
53
198
54
5
0
128
7
229
159
5
0
218
5
68
0
100
53
223
54
5
0
112
7
254
159
5
0
201
5
68
0
101
53
248
54
5
0
82
7
23
160
5
0
170
5
68
0
102
53
17
55
5
0
103
7
48
160
5
0
193
5
68
0
103
53
42
55
5
0
104
7
73
160
5
0
193
5
68
0
104
53
67
55
5
0
102
7
98
160
5
0
190
5
68
0
105
53
92
55
5
0
104
7
123
160
5
0
192
5
68
0
106
53
117
55
5
0
69
7
148
160
5
0
158
5
68
0
107
53
142
55
5
0
73
7
173
160
5
0
161
5
68
0
108
53
167
55
5
0
77
7
198
160
5
0
165
5
68
0
109
53
192
55
5
0
82
7
223
160
5
0
170
5
68
0
110
53
217
55
5
0
104
7
248
160
5
0
191
5
68
0
111
53
242
55
5
0
104
7
17
161
5
0
192
5
68
0
112
53
11
56
5
0
97
7
42
161
5
0
185
5
68
0
113
53
36
56
5
0
102
7
67
161
5
0
189
5
68
0
114
53
61
56
5
0
70
7
92
161
5
0
157
5
68
0
115
53
86
56
5
0
73
7
117
161
5
0
161
5
68
0
116
53
111
56
5
0
77
7
142
161
5
0
164
5
68
0
117
53
136
56
5
0
136
7
167
161
5
0
223
5
68
0
118
53
161
56
5
0
108
7
192
161
5
0
195
5
68
0
119
53
186
56
5
0
99
7
217
161
5
0
185
5
68
0
120
53
211
56
5
0
99
7
242
161
5
0
186
5
68
0
121
53
236
56
5
0
100
7
11
162
5
0
187
5
68
0
122
53
5
57
5
0
72
7
36
162
5
0
158
5
68
0
123
53
30
57
5
0
128
7
61
162
5
0
214
5
68
0
124
53
55
57
5
0
77
7
86
162
5
0
164
5
68
0
125
53
80
57
5
0
81
7
111
162
5
0
167
5
68
0
126
53
105
57
5
0
100
7
136
162
5
0
186
5
68
0
127
53
130
57
5
0
102
7
161
162
5
0
188
5
68
0
128
53
155
57
5
0
102
7
186
162
5
0
188
5
68
0
129
53
180
57
5
0
103
7
211
162
5
0
189
5
68
0
130
53
205
57
5
0
69
7
236
162
5
0
155
5
68
0
131
53
230
57
5
0
74
7
5
163
5
0
160
5
68
0
132
53
255
57
5
0
78
7
30
163
5
0
163
5
68
0
133
53
24
58
5
0
81
7
55
163
5
0
167
5
68
0
134
53
49
58
5
0
103
7
80
163
5
0
188
5
68
0
135
53
74
58
5
0
105
7
105
163
5
0
190
5
68
0
136
53
99
58
5
0
101
7
130
163
5
0
186
5
68
0
137
53
124
58
5
0
104
7
155
163
5
0
189
5
68
0
138
53
149
58
5
0
69
7
180
163
5
0
154
5
68
0
139
53
174
58
5
0
73
7
205
163
5
0
158
5
68
0
140
53
199
58
5
0
78
7
230
163
5
0
163
5
68
0
141
53
224
58
5
0
81
7
255
163
5
0
165
5
68
0
142
53
249
58
5
0
101
7
24
164
5
0
186
5
68
0
143
53
18
59
5
0
102
7
49
164
5
0
186
5
68
0
144
53
43
59
5
0
101
7
74
164
5
0
184
5
68
0
145
53
68
59
5
0
102
7
99
164
5
0
186
5
68
0
146
53
93
59
5
0
69
7
124
164
5
0
153
5
68
0
147
53
118
59
5
0
128
7
149
164
5
0
211
5
68
0
148
53
143
59
5
0
79
7
174
164
5
0
162
5
68
0
149
53
168
59
5
0
83
7
199
164
5
0
166
5
68
0
150
53
193
59
5
0
101
7
224
164
5
0
184
5
68
0
151
53
218
59
5
0
99
7
249
164
5
0
182
5
68
0
152
53
243
59
5
0
100
7
18
165
5
0
183
5
68
0
153
53
12
60
5
0
102
7
43
165
5
0
184
5
68
0
154
53
37
60
5
0
71
7
68
165
5
0
153
5
68
0
155
53
62
60
5
0
74
7
93
165
5
0
157
5
68
0
156
53
87
60
5
0
78
7
118
165
5
0
160
5
68
0
157
53
112
60
5
0
83
7
143
165
5
0
165
5
68
0
158
53
137
60
5
0
102
7
168
165
5
0
184
5
68
0
159
53
162
60
5
0
136
7
193
165
5
0
219
5
68
0
160
53
187
60
5
0
113
7
218
165
5
0
195
5
68
0
161
53
212
60
5
0
107
7
243
165
5
0
189
5
68
0
162
53
237
60
5
0
72
7
12
166
5
0
154
5
68
0
163
53
6
61
5
0
75
7
37
166
5
0
157
5
68
0
164
53
31
61
5
0
79
7
62
166
5
0
161
5
68
0
165
53
56
61
5
0
83
7
87
166
5
0
165
5
68
0
166
53
81
61
5
0
101
7
112
166
5
0
182
5
68
0
167
53
106
61
5
0
105
7
137
166
5
0
186
5
68
0
168
53
131
61
5
0
102
7
162
166
5
0
184
5
68
0
169
53
156
61
5
0
103
7
187
166
5
0
184
5
68
0
170
53
181
61
5
0
105
7
212
166
5
0
186
5
68
0
171
53
206
61
5
0
76
7
237
166
5
0
157
5
68
0
172
53
231
61
5
0
77
7
6
167
5
0
158
5
68
0
173
53
0
62
5
0
81
7
31
167
5
0
162
5
68
0
174
53
25
62
5
0
103
7
56
167
5
0
184
5
68
0
175
53
50
62
5
0
105
7
81
167
5
0
184
5
68
0
176
53
75
62
5
0
99
7
106
167
5
0
180
5
68
0
177
53
100
62
5
0
119
7
131
167
5
0
200
5
68
0
178
53
125
62
5
0
108
7
156
167
5
0
187
5
68
0
179
53
150
62
5
0
76
7
181
167
5
0
156
5
68
0
180
53
175
62
5
0
80
7
206
167
5
0
159
5
68
0
181
53
200
62
5
0
83
7
231
167
5
0
162
5
68
0
182
53
225
62
5
0
99
7
0
168
5
0
178
5
68
0
183
53
250
62
5
0
138
7
25
168
5
0
217
5
68
0
184
53
19
63
5
0
109
7
50
168
5
0
188
5
68
0
185
53
44
63
5
0
99
7
75
168
5
0
178
5
68
0
186
53
69
63
5
0
70
7
100
168
5
0
149
5
68
0
187
53
94
63
5
0
74
7
125
168
5
0
153
5
68
0
188
53
119
63
5
0
79
7
150
168
5
0
157
5
68
0
189
53
144
63
5
0
135
7
175
168
5
0
214
5
68
0
190
53
169
63
5
0
108
7
200
168
5
0
187
5
68
0
191
53
194
63
5
0
99
7
225
168
5
0
177
5
68
0
192
53
219
63
5
0
104
7
250
168
5
0
182
5
68
0
193
53
244
63
5
0
105
7
19
169
5
0
183
5
68
0
194
53
13
64
5
0
69
7
44
169
5
0
147
5
68
0
195
53
38
64
5
0
128
7
69
169
5
0
206
5
68
0
196
53
63
64
5
0
111
7
94
169
5
0
189
5
68
0
197
53
88
64
5
0
82
7
119
169
5
0
159
5
68
0
198
53
113
64
5
0
103
7
144
169
5
0
181
5
68
0
199
53
138
64
5
0
104
7
169
169
5
0
182
5
68
0
200
53
163
64
5
0
102
7
194
169
5
0
179
5
68
0
201
53
188
64
5
0
104
7
219
169
5
0
181
5
68
0
202
53
213
64
5
0
70
7
244
169
5
0
147
5
68
0
203
53
238
64
5
0
73
7
13
170
5
0
150
5
68
0
204
53
7
65
5
0
77
7
38
170
5
0
154
5
68
0
205
53
32
65
5
0
82
7
63
170
5
0
159
5
68
0
206
53
57
65
5
0
104
7
88
170
5
0
180
5
68
0
207
53
82
65
5
0
104
7
113
170
5
0
181
5
68
0
208
53
107
65
5
0
97
7
138
170
5
0
174
5
68
0
209
53
132
65
5
0
101
7
163
170
5
0
177
5
68
0
210
53
157
65
5
0
70
7
188
170
5
0
146
5
68
0
211
53
182
65
5
0
73
7
213
170
5
0
150
5
68
0
212
53
207
65
5
0
77
7
238
170
5
0
154
5
68
0
213
53
232
65
5
0
136
7
7
171
5
0
212
5
68
0
214
53
1
66
5
0
108
7
32
171
5
0
184
5
68
0
215
53
26
66
5
0
99
7
57
171
5
0
175
5
68
0
216
53
51
66
5
0
99
7
82
171
5
0
175
5
68
0
217
53
76
66
5
0
100
7
107
171
5
0
176
5
68
0
218
53
101
66
5
0
72
7
132
171
5
0
148
5
68
0
219
53
126
66
5
0
128
7
157
171
5
0
202
5
68
0
220
53
151
66
5
0
77
7
182
171
5
0
152
5
68
0
221
53
176
66
5
0
81
7
207
171
5
0
157
5
68
0
222
53
201
66
5
0
100
7
232
171
5
0
174
5
68
0
223
53
226
66
5
0
102
7
1
172
5
0
176
5
68
0
224
53
251
66
5
0
103
7
26
172
5
0
177
5
68
0
225
53
20
67
5
0
103
7
51
172
5
0
177
5
68
0
226
53
45
67
5
0
69
7
76
172
5
0
143
5
68
0
227
53
70
67
5
0
74
7
101
172
5
0
148
5
68
0
228
53
95
67
5
0
78
7
126
172
5
0
151
5
68
0
229
53
120
67
5
0
81
7
151
172
5
0
155
5
68
0
230
53
145
67
5
0
103
7
176
172
5
0
177
5
68
0
231
53
170
67
5
0
104
7
201
172
5
0
177
5
68
0
232
53
195
67
5
0
101
7
226
172
5
0
174
5
68
0
233
53
220
67
5
0
104
7
251
172
5
0
178
5
68
0
234
53
245
67
5
0
69
7
20
173
5
0
142
5
68
0
235
53
14
68
5
0
73
7
45
173
5
0
146
5
68
0
236
53
39
68
5
0
78
7
70
173
5
0
152
5
68
0
237
53
64
68
5
0
82
7
95
173
5
0
154
5
68
0
238
53
89
68
5
0
101
7
120
173
5
0
174
5
68
0
239
53
114
68
5
0
102
7
145
173
5
0
175
5
68
0
240
53
139
68
5
0
101
7
170
173
5
0
174
5
68
0
241
53
164
68
5
0
102
7
195
173
5
0
174
5
68
0
242
53
189
68
5
0
69
7
220
173
5
0
142
5
68
0
243
53
214
68
5
0
128
7
245
173
5
0
201
5
68
0
244
53
239
68
5
0
78
7
14
174
5
0
150
5
68
0
245
53
8
69
5
0
83
7
39
174
5
0
155
5
68
0
246
53
33
69
5
0
101
7
64
174
5
0
174
5
68
0
247
53
58
69
5
0
99
7
89
174
5
0
171
5
68
0
248
53
83
69
5
0
100
7
114
174
5
0
172
5
68
0
249
53
108
69
5
0
102
7
139
174
5
0
174
5
68
0
250
53
133
69
5
0
71
7
164
174
5
0
142
5
68
0
251
53
158
69
5
0
74
7
189
174
5
0
146
5
68
0
252
53
183
69
5
0
78
7
214
174
5
0
150
5
68
0
253
53
208
69
5
0
83
7
239
174
5
0
154
5
68
0
254
53
233
69
5
0
102
7
8
175
5
0
173
5
68
0
255
53
2
70
5
0
136
7
33
175
5
0
208
5
68
0
0
54
27
70
5
0
113
7
58
175
5
0
184
5
68
0
1
54
52
70
5
0
107
7
83
175
5
0
178
5
68
0
2
54
77
70
5
0
72
7
108
175
5
0
143
5
68
0
3
54
102
70
5
0
75
7
133
175
5
0
146
5
68
0
4
54
127
70
5
0
79
7
158
175
5
0
150
5
68
0
5
54
152
70
5
0
83
7
183
175
5
0
153
5
68
0
6
54
177
70
5
0
101
7
208
175
5
0
170
5
68
0
7
54
202
70
5
0
105
7
233
175
5
0
175
5
68
0
8
54
227
70
5
0
102
7
2
176
5
0
172
5
68
0
9
54
252
70
5
0
103
7
27
176
5
0
172
5
68
0
10
54
21
71
5
0
104
7
52
176
5
0
174
5
68
0
11
54
46
71
5
0
76
7
77
176
5
0
145
5
68
0
12
54
71
71
5
0
77
7
102
176
5
0
147
5
68
0
13
54
96
71
5
0
81
7
127
176
5
0
150
5
68
0
14
54
121
71
5
0
103
7
152
176
5
0
172
5
68
0
15
54
146
71
5
0
105
7
177
176
5
0
174
5
68
0
16
54
171
71
5
0
100
7
202
176
5
0
168
5
68
0
17
54
196
71
5
0
119
7
227
176
5
0
188
5
68
0
18
54
221
71
5
0
108
7
252
176
5
0
177
5
68
0
19
54
246
71
5
0
76
7
21
177
5
0
144
5
68
0
20
54
15
72
5
0
80
7
46
177
5
0
148
5
68
0
21
54
40
72
5
0
83
7
71
177
5
0
152
5
68
0
22
54
65
72
5
0
99
7
96
177
5
0
167
5
68
0
23
54
90
72
5
0
137
7
121
177
5
0
205
5
68
0
24
54
115
72
5
0
109
7
146
177
5
0
177
5
68
0
25
54
140
72
5
0
99
7
171
177
5
0
167
5
68
0
26
54
165
72
5
0
70
7
196
177
5
0
138
5
68
0
27
54
190
72
5
0
74
7
221
177
5
0
142
5
68
0
28
54
215
72
5
0
79
7
246
177
5
0
146
5
68
0
29
54
240
72
5
0
135
7
15
178
5
0
202
5
68
0
30
54
9
73
5
0
108
7
40
178
5
0
176
5
68
0
31
54
34
73
5
0
99
7
65
178
5
0
166
5
68
0
32
54
59
73
5
0
104
7
90
178
5
0
171
5
68
0
33
54
84
73
5
0
105
7
115
178
5
0
172
5
68
0
34
54
109
73
5
0
69
7
140
178
5
0
136
5
68
0
35
54
134
73
5
0
128
7
165
178
5
0
195
5
68
0
36
54
159
73
5
0
111
7
190
178
5
0
178
5
68
0
37
54
184
73
5
0
82
7
215
178
5
0
148
5
68
0
38
54
209
73
5
0
103
7
240
178
5
0
170
5
68
0
39
54
234
73
5
0
104
7
9
179
5
0
171
5
68
0
40
54
3
74
5
0
102
7
34
179
5
0
169
5
68
0
41
54
28
74
5
0
104
7
59
179
5
0
170
5
68
0
42
54
53
74
5
0
70
7
84
179
5
0
136
5
68
0
43
54
78
74
5
0
73
7
109
179
5
0
140
5
68
0
44
54
103
74
5
0
77
7
134
179
5
0
143
5
68
0
45
54
128
74
5
0
81
7
159
179
5
0
146
5
68
0
46
54
153
74
5
0
104
7
184
179
5
0
170
5
68
0
47
54
178
74
5
0
104
7
209
179
5
0
170
5
68
0
48
54
203
74
5
0
97
7
234
179
5
0
162
5
68
0
49
54
228
74
5
0
101
7
3
180
5
0
166
5
68
0
50
54
253
74
5
0
70
7
28
180
5
0
135
5
68
0
51
54
22
75
5
0
74
7
53
180
5
0
138
5
68
0
52
54
47
75
5
0
77
7
78
180
5
0
143
5
68
0
53
54
72
75
5
0
136
7
103
180
5
0
200
5
68
0
54
54
97
75
5
0
108
7
128
180
5
0
172
5
68
0
55
54
122
75
5
0
99
7
153
180
5
0
163
5
68
0
56
54
147
75
5
0
99
7
178
180
5
0
163
5
68
0
57
54
172
75
5
0
100
7
203
180
5
0
164
5
68
0
58
54
197
75
5
0
71
7
228
180
5
0
135
5
68
0
59
54
222
75
5
0
128
7
253
180
5
0
191
5
68
0
60
54
247
75
5
0
77
7
22
181
5
0
141
5
68
0
61
54
16
76
5
0
81
7
47
181
5
0
145
5
68
0
62
54
41
76
5
0
100
7
72
181
5
0
163
5
68
0
63
54
66
76
5
0
102
7
97
181
5
0
165
5
68
0
64
54
91
76
5
0
103
7
122
181
5
0
166
5
68
0
65
54
116
76
5
0
103
7
147
181
5
0
166
5
68
0
66
54
141
76
5
0
69
7
172
181
5
0
132
5
68
0
67
54
166
76
5
0
74
7
197
181
5
0
137
5
68
0
68
54
191
76
5
0
78
7
222
181
5
0
141
5
68
0
69
54
216
76
5
0
81
7
247
181
5
0
144
5
68
0
70
54
241
76
5
0
103
7
16
182
5
0
166
5
68
0
71
54
10
77
5
0
104
7
41
182
5
0
167
5
68
0
72
54
35
77
5
0
101
7
66
182
5
0
163
5
68
0
73
54
60
77
5
0
104
7
91
182
5
0
167
5
68
0
74
54
85
77
5
0
69
7
116
182
5
0
132
5
68
0
75
54
110
77
5
0
73
7
141
182
5
0
135
5
68
0
76
54
135
77
5
0
78
7
166
182
5
0
140
5
68
0
77
54
160
77
5
0
82
7
191
182
5
0
144
5
68
0
78
54
185
77
5
0
101
7
216
182
5
0
163
5
68
0
79
54
210
77
5
0
102
7
241
182
5
0
164
5
68
0
80
54
235
77
5
0
100
7
10
183
5
0
162
5
68
0
81
54
4
78
5
0
102
7
35
183
5
0
163
5
68
0
82
54
29
78
5
0
69
7
60
183
5
0
130
5
68
0
83
54
54
78
5
0
128
7
85
183
5
0
190
5
68
0
84
54
79
78
5
0
78
7
110
183
5
0
139
5
68
0
85
54
104
78
5
0
83
7
135
183
5
0
144
5
68
0
86
54
129
78
5
0
102
7
160
183
5
0
162
5
68
0
87
54
154
78
5
0
99
7
185
183
5
0
160
5
68
0
88
54
179
78
5
0
100
7
210
183
5
0
161
5
68
0
89
54
204
78
5
0
102
7
235
183
5
0
162
5
68
0
90
54
229
78
5
0
71
7
4
184
5
0
130
5
68
0
91
54
254
78
5
0
74
7
29
184
5
0
134
5
68
0
92
54
23
79
5
0
78
7
54
184
5
0
138
5
68
0
93
54
48
79
5
0
82
7
79
184
5
0
141
5
68
0
94
54
73
79
5
0
102
7
104
184
5
0
161
5
68
0
95
54
98
79
5
0
136
7
129
184
5
0
196
5
68
0
96
54
123
79
5
0
113
7
154
184
5
0
173
5
68
0
97
54
148
79
5
0
107
7
179
184
5
0
166
5
68
0
98
54
173
79
5
0
72
7
204
184
5
0
131
5
68
0
99
54
198
79
5
0
76
7
229
184
5
0
135
5
68
0
100
54
223
79
5
0
79
7
254
184
5
0
138
5
68
0
101
54
248
79
5
0
83
7
23
185
5
0
142
5
68
0
102
54
17
80
5
0
101
7
48
185
5
0
160
5
68
0
103
54
42
80
5
0
105
7
73
185
5
0
163
5
68
0
104
54
67
80
5
0
102
7
98
185
5
0
161
5
68
0
105
54
92
80
5
0
103
7
123
185
5
0
162
5
68
0
106
54
117
80
5
0
104
7
148
185
5
0
162
5
68
0
107
54
142
80
5
0
76
7
173
185
5
0
134
5
68
0
108
54
167
80
5
0
77
7
198
185
5
0
136
5
68
0
109
54
192
80
5
0
81
7
223
185
5
0
139
5
68
0
110
54
217
80
5
0
103
7
248
185
5
0
161
5
68
0
111
54
242
80
5
0
105
7
17
186
5
0
163
5
68
0
112
54
11
81
5
0
100
7
42
186
5
0
157
5
68
0
113
54
36
81
5
0
119
7
67
186
5
0
177
5
68
0
114
54
61
81
5
0
108
7
92
186
5
0
166
5
68
0
115
54
86
81
5
0
76
7
117
186
5
0
133
5
68
0
116
54
111
81
5
0
80
7
142
186
5
0
137
5
68
0
117
54
136
81
5
0
83
7
167
186
5
0
141
5
68
0
118
54
161
81
5
0
99
7
192
186
5
0
156
5
68
0
119
54
186
81
5
0
137
7
217
186
5
0
194
5
68
0
120
54
211
81
5
0
109
7
242
186
5
0
166
5
68
0
121
54
236
81
5
0
100
7
11
187
5
0
156
5
68
0
122
54
5
82
5
0
70
7
36
187
5
0
127
5
68
0
123
54
30
82
5
0
74
7
61
187
5
0
131
5
68
0
124
54
55
82
5
0
79
7
86
187
5
0
136
5
68
0
125
54
80
82
5
0
135
7
111
187
5
0
191
5
68
0
126
54
105
82
5
0
108
7
136
187
5
0
165
5
68
0
127
54
130
82
5
0
99
7
161
187
5
0
156
5
68
0
128
54
155
82
5
0
103
7
186
187
5
0
158
5
68
0
129
54
180
82
5
0
105
7
211
187
5
0
161
5
68
0
130
54
205
82
5
0
69
7
236
187
5
0
126
5
68
0
131
54
230
82
5
0
128
7
5
188
5
0
183
5
68
0
132
54
255
82
5
0
111
7
30
188
5
0
167
5
68
0
133
54
24
83
5
0
82
7
55
188
5
0
137
5
68
0
134
54
49
83
5
0
104
7
80
188
5
0
158
5
68
0
135
54
74
83
5
0
104
7
105
188
5
0
159
5
68
0
136
54
99
83
5
0
102
7
130
188
5
0
157
5
68
0
137
54
124
83
5
0
104
7
155
188
5
0
158
5
68
0
138
54
149
83
5
0
70
7
180
188
5
0
124
5
68
0
139
54
174
83
5
0
73
7
205
188
5
0
128
5
68
0
140
54
199
83
5
0
77
7
230
188
5
0
131
5
68
0
141
54
224
83
5
0
81
7
255
188
5
0
135
5
68
0
142
54
249
83
5
0
104
7
24
189
5
0
158
5
68
0
143
54
18
84
5
0
104
7
49
189
5
0
158
5
