 68
0
202
39
213
226
153
0
105
7
226
75
154
0
67
9
68
0
203
39
238
226
153
0
75
7
251
75
154
0
37
9
68
0
204
39
7
227
153
0
77
7
20
76
154
0
40
9
68
0
205
39
32
227
153
0
81
7
45
76
154
0
42
9
68
0
206
39
57
227
153
0
104
7
70
76
154
0
65
9
68
0
207
39
82
227
153
0
104
7
95
76
154
0
65
9
68
0
208
39
107
227
153
0
99
7
120
76
154
0
60
9
68
0
209
39
132
227
153
0
119
7
145
76
154
0
80
9
68
0
210
39
157
227
153
0
109
7
170
76
154
0
69
9
68
0
211
39
182
227
153
0
75
7
195
76
154
0
36
9
68
0
212
39
207
227
153
0
79
7
220
76
154
0
39
9
68
0
213
39
232
227
153
0
83
7
245
76
154
0
43
9
68
0
214
39
1
228
153
0
100
7
14
77
154
0
59
9
68
0
215
39
26
228
153
0
137
7
39
77
154
0
97
9
68
0
216
39
51
228
153
0
108
7
64
77
154
0
67
9
68
0
217
39
76
228
153
0
99
7
89
77
154
0
58
9
68
0
218
39
101
228
153
0
71
7
114
77
154
0
29
9
68
0
219
39
126
228
153
0
74
7
139
77
154
0
33
9
68
0
220
39
151
228
153
0
78
7
164
77
154
0
37
9
68
0
221
39
176
228
153
0
134
7
189
77
154
0
91
9
68
0
222
39
201
228
153
0
109
7
214
77
154
0
66
9
68
0
223
39
226
228
153
0
100
7
239
77
154
0
56
9
68
0
224
39
251
228
153
0
103
7
8
78
154
0
61
9
68
0
225
39
20
229
153
0
104
7
33
78
154
0
61
9
68
0
226
39
45
229
153
0
70
7
58
78
154
0
26
9
68
0
227
39
70
229
153
0
129
7
83
78
154
0
85
9
68
0
228
39
95
229
153
0
111
7
108
78
154
0
67
9
68
0
229
39
120
229
153
0
81
7
133
78
154
0
37
9
68
0
230
39
145
229
153
0
104
7
158
78
154
0
59
9
68
0
231
39
170
229
153
0
105
7
183
78
154
0
60
9
68
0
232
39
195
229
153
0
102
7
208
78
154
0
57
9
68
0
233
39
220
229
153
0
103
7
233
78
154
0
58
9
68
0
234
39
245
229
153
0
70
7
2
79
154
0
25
9
68
0
235
39
14
230
153
0
74
7
27
79
154
0
28
9
68
0
236
39
39
230
153
0
77
7
52
79
154
0
32
9
68
0
237
39
64
230
153
0
81
7
77
79
154
0
35
9
68
0
238
39
89
230
153
0
104
7
102
79
154
0
58
9
68
0
239
39
114
230
153
0
105
7
127
79
154
0
58
9
68
0
240
39
139
230
153
0
97
7
152
79
154
0
51
9
68
0
241
39
164
230
153
0
101
7
177
79
154
0
54
9
68
0
242
39
189
230
153
0
70
7
202
79
154
0
23
9
68
0
243
39
214
230
153
0
74
7
227
79
154
0
26
9
68
0
244
39
239
230
153
0
77
7
252
79
154
0
30
9
68
0
245
39
8
231
153
0
136
7
21
80
154
0
89
9
68
0
246
39
33
231
153
0
107
7
46
80
154
0
58
9
68
0
247
39
58
231
153
0
99
7
71
80
154
0
50
9
68
0
248
39
83
231
153
0
99
7
96
80
154
0
50
9
68
0
249
39
108
231
153
0
100
7
121
80
154
0
51
9
68
0
250
39
133
231
153
0
71
7
146
80
154
0
22
9
68
0
251
39
158
231
153
0
128
7
171
80
154
0
78
9
68
0
252
39
183
231
153
0
77
7
196
80
154
0
28
9
68
0
253
39
208
231
153
0
81
7
221
80
154
0
32
9
68
0
254
39
233
231
153
0
100
7
246
80
154
0
50
9
68
0
255
39
2
232
153
0
102
7
15
81
154
0
52
9
68
0
0
40
27
232
153
0
102
7
40
81
154
0
52
9
68
0
1
40
52
232
153
0
103
7
65
81
154
0
52
9
68
0
2
40
77
232
153
0
69
7
90
81
154
0
18
9
68
0
3
40
102
232
153
0
74
7
115
81
154
0
23
9
68
0
4
40
127
232
153
0
77
7
140
81
154
0
26
9
68
0
5
40
152
232
153
0
81
7
165
81
154
0
30
9
68
0
6
40
177
232
153
0
103
7
190
81
154
0
51
9
68
0
7
40
202
232
153
0
105
7
215
81
154
0
53
9
68
0
8
40
227
232
153
0
101
7
240
81
154
0
48
9
68
0
9
40
252
232
153
0
104
7
9
82
154
0
52
9
68
0
10
40
21
233
153
0
69
7
34
82
154
0
17
9
68
0
11
40
46
233
153
0
74
7
59
82
154
0
21
9
68
0
12
40
71
233
153
0
78
7
84
82
154
0
25
9
68
0
13
40
96
233
153
0
81
7
109
82
154
0
28
9
68
0
14
40
121
233
153
0
101
7
134
82
154
0
47
9
68
0
15
40
146
233
153
0
103
7
159
82
154
0
48
9
68
0
16
40
171
233
153
0
101
7
184
82
154
0
47
9
68
0
17
40
196
233
153
0
101
7
209
82
154
0
47
9
68
0
18
40
221
233
153
0
69
7
234
82
154
0
14
9
68
0
19
40
246
233
153
0
129
7
3
83
154
0
74
9
68
0
20
40
15
234
153
0
79
7
28
83
154
0
23
9
68
0
21
40
40
234
153
0
82
7
53
83
154
0
27
9
68
0
22
40
65
234
153
0
101
7
78
83
154
0
45
9
68
0
23
40
90
234
153
0
100
7
103
83
154
0
44
9
68
0
24
40
115
234
153
0
101
7
128
83
154
0
44
9
68
0
25
40
140
234
153
0
101
7
153
83
154
0
45
9
68
0
26
40
165
234
153
0
70
7
178
83
154
0
13
9
68
0
27
40
190
234
153
0
75
7
203
83
154
0
18
9
68
0
28
40
215
234
153
0
79
7
228
83
154
0
22
9
68
0
29
40
240
234
153
0
82
7
253
83
154
0
25
9
68
0
30
40
9
235
153
0
101
7
22
84
154
0
44
9
68
0
31
40
34
235
153
0
137
7
47
84
154
0
79
9
68
0
32
40
59
235
153
0
114
7
72
84
154
0
56
9
68
0
33
40
84
235
153
0
107
7
97
84
154
0
49
9
68
0
34
40
109
235
153
0
71
7
122
84
154
0
13
9
68
0
35
40
134
235
153
0
75
7
147
84
154
0
17
9
68
0
36
40
159
235
153
0
80
7
172
84
154
0
21
9
68
0
37
40
184
235
153
0
83
7
197
84
154
0
25
9
68
0
38
40
209
235
153
0
100
7
222
84
154
0
41
9
68
0
39
40
234
235
153
0
104
7
247
84
154
0
45
9
68
0
40
40
3
236
153
0
103
7
16
85
154
0
43
9
68
0
41
40
28
236
153
0
103
7
41
85
154
0
43
9
68
0
42
40
53
236
153
0
104
7
66
85
154
0
43
9
68
0
43
40
78
236
153
0
75
7
91
85
154
0
15
9
68
0
44
40
103
236
153
0
78
7
116
85
154
0
17
9
68
0
45
40
128
236
153
0
81
7
141
85
154
0
20
9
68
0
46
40
153
236
153
0
103
7
166
85
154
0
42
9
68
0
47
40
178
236
153
0
104
7
191
85
154
0
42
9
68
0
48
40
203
236
153
0
100
7
216
85
154
0
38
9
68
0
49
40
228
236
153
0
119
7
241
85
154
0
57
9
68
0
50
40
253
236
153
0
108
7
10
86
154
0
46
9
68
0
51
40
22
237
153
0
75
7
35
86
154
0
12
9
68
0
52
40
47
237
153
0
80
7
60
86
154
0
17
9
68
0
53
40
72
237
153
0
84
7
85
86
154
0
21
9
68
0
54
40
97
237
153
0
99
7
110
86
154
0
36
9
68
0
55
40
122
237
153
0
137
7
135
86
154
0
74
9
68
0
56
40
147
237
153
0
109
7
160
86
154
0
45
9
68
0
57
40
172
237
153
0
100
7
185
86
154
0
36
9
68
0
58
40
197
237
153
0
70
7
210
86
154
0
6
9
68
0
59
40
222
237
153
0
74
7
235
86
154
0
10
9
68
0
60
40
247
237
153
0
79
7
4
87
154
0
14
9
68
0
61
40
16
238
153
0
135
7
29
87
154
0
70
9
68
0
62
40
41
238
153
0
108
7
54
87
154
0
44
9
68
0
63
40
66
238
153
0
99
7
79
87
154
0
34
9
68
0
64
40
91
238
153
0
104
7
104
87
154
0
39
9
68
0
65
40
116
238
153
0
105
7
129
87
154
0
38
9
68
0
66
40
141
238
153
0
69
7
154
87
154
0
4
9
68
0
67
40
166
238
153
0
128
7
179
87
154
0
61
9
68
0
68
40
191
238
153
0
112
7
204
87
154
0
45
9
68
0
69
40
216
238
153
0
82
7
229
87
154
0
15
9
68
0
70
40
241
238
153
0
103
7
254
87
154
0
36
9
68
0
71
40
10
239
153
0
104
7
23
88
154
0
37
9
68
0
72
40
35
239
153
0
103
7
48
88
154
0
35
9
68
0
73
40
60
239
153
0
104
7
73
88
154
0
36
9
68
0
74
40
85
239
153
0
69
7
98
88
154
0
1
9
68
0
75
40
110
239
153
0
73
7
123
88
154
0
5
9
68
0
76
40
135
239
153
0
77
7
148
88
154
0
8
9
68
0
77
40
160
239
153
0
82
7
173
88
154
0
13
9
68
0
78
40
185
239
153
0
103
7
198
88
154
0
35
9
68
0
79
40
210
239
153
0
104
7
223
88
154
0
35
9
68
0
80
40
235
239
153
0
97
7
248
88
154
0
28
9
68
0
81
40
4
240
153
0
102
7
17
89
154
0
32
9
68
0
82
40
29
240
153
0
69
7
42
89
154
0
0
9
68
0
83
40
54
240
153
0
73
7
67
89
154
0
3
9
68
0
84
40
79
240
153
0
77
7
92
89
154
0
7
9
68
0
85
40
104
240
153
0
137
7
117
89
154
0
67
9
68
0
86
40
129
240
153
0
107
7
142
89
154
0
37
9
68
0
87
40
154
240
153
0
98
7
167
89
154
0
27
9
68
0
88
40
179
240
153
0
99
7
192
89
154
0
28
9
68
0
89
40
204
240
153
0
101
7
217
89
154
0
30
9
68
0
90
40
229
240
153
0
71
7
242
89
154
0
255
8
68
0
91
40
254
240
153
0
127
7
11
90
154
0
55
9
68
0
92
40
23
241
153
0
77
7
36
90
154
0
5
9
68
0
93
40
48
241
153
0
82
7
61
90
154
0
9
9
68
0
94
40
73
241
153
0
101
7
86
90
154
0
29
9
68
0
95
40
98
241
153
0
101
7
111
90
154
0
28
9
68
0
96
40
123
241
153
0
102
7
136
90
154
0
29
9
68
0
97
40
148
241
153
0
104
7
161
90
154
0
30
9
68
0
98
40
173
241
153
0
70
7
186
90
154
0
252
8
68
0
99
40
198
241
153
0
73
7
211
90
154
0
255
8
68
0
100
40
223
241
153
0
77
7
236
90
154
0
3
9
68
0
101
40
248
241
153
0
82
7
5
91
154
0
7
9
68
0
102
40
17
242
153
0
104
7
30
91
154
0
29
9
68
0
103
40
42
242
153
0
104
7
55
91
154
0
30
9
68
0
104
40
67
242
153
0
100
7
80
91
154
0
25
9
68
0
105
40
92
242
153
0
105
7
105
91
154
0
30
9
68
0
106
40
117
242
153
0
70
7
130
91
154
0
250
8
68
0
107
40
142
242
153
0
73
7
155
91
154
0
254
8
68
0
108
40
167
242
153
0
77
7
180
91
154
0
1
9
68
0
109
40
192
242
153
0
82
7
205
91
154
0
6
9
68
0
110
40
217
242
153
0
102
7
230
91
154
0
25
9
68
0
111
40
242
242
153
0
102
7
255
91
154
0
26
9
68
0
112
40
11
243
153
0
100
7
24
92
154
0
24
9
68
0
113
40
36
243
153
0
102
7
49
92
154
0
25
9
68
0
114
40
61
243
153
0
70
7
74
92
154
0
248
8
68
0
115
40
86
243
153
0
128
7
99
92
154
0
51
9
68
0
116
40
111
243
153
0
78
7
124
92
154
0
0
9
68
0
117
40
136
243
153
0
83
7
149
92
154
0
4
9
68
0
118
40
161
243
153
0
102
7
174
92
154
0
24
9
68
0
119
40
186
243
153
0
99
7
199
92
154
0
21
9
68
0
120
40
211
243
153
0
100
7
224
92
154
0
22
9
68
0
121
40
236
243
153
0
101
7
249
92
154
0
22
9
68
0
122
40
5
244
153
0
71
7
18
93
154
0
247
8
68
0
123
40
30
244
153
0
74
7
43
93
154
0
251
8
68
0
124
40
55
244
153
0
78
7
68
93
154
0
254
8
68
0
125
40
80
244
153
0
82
7
93
93
154
0
2
9
68
0
126
40
105
244
153
0
102
7
118
93
154
0
22
9
68
0
127
40
130
244
153
0
136
7
143
93
154
0
56
9
68
0
128
40
155
244
153
0
113
7
168
93
154
0
33
9
68
0
129
40
180
244
153
0
107
7
193
93
154
0
26
9
68
0
130
40
205
244
153
0
72
7
218
93
154
0
247
8
68
0
131
40
230
244
153
0
75
7
243
93
154
0
250
8
68
0
132
40
255
244
153
0
79
7
12
94
154
0
254
8
68
0
133
40
24
245
153
0
83
7
37
94
154
0
1
9
68
0
134
40
49
245
153
0
101
7
62
94
154
0
19
9
68
0
135
40
74
245
153
0
105
7
87
94
154
0
23
9
68
0
136
40
99
245
153
0
102
7
112
94
154
0
20
9
68
0
137
40
124
245
153
0
103
7
137
94
154
0
21
9
68
0
138
40
149
245
153
0
105
7
162
94
154
0
22
9
68
0
139
40
174
245
153
0
76
7
187
94
154
0
249
8
68
0
140
40
199
245
153
0
77
7
212
94
154
0
250
8
68
0
141
40
224
245
153
0
81
7
237
94
154
0
253
8
68
0
142
40
249
245
153
0
104
7
6
95
154
0
19
9
68
0
143
40
18
246
153
0
105
7
31
95
154
0
20
9
68
0
144
40
43
246
153
0
99
7
56
95
154
0
16
9
68
0
145
40
68
246
153
0
119
7
81
95
154
0
34
9
68
0
146
40
93
246
153
0
109
7
106
95
154
0
24
9
68
0
147
40
118
246
153
0
76
7
131
95
154
0
246
8
68
0
148
40
143
246
153
0
79
7
156
95
154
0
250
8
68
0
149
40
168
246
153
0
83
7
181
95
154
0
253
8
68
0
150
40
193
246
153
0
100
7
206
95
154
0
14
9
68
0
151
40
218
246
153
0
138
7
231
95
154
0
52
9
68
0
152
40
243
246
153
0
108
7
0
96
154
0
22
9
68
0
153
40
12
247
153
0
99
7
25
96
154
0
13
9
68
0
154
40
37
247
153
0
71
7
50
96
154
0
240
8
68
0
155
40
62
247
153
0
75
7
75
96
154
0
244
8
68
0
156
40
87
247
153
0
78
7
100
96
154
0
247
8
68
0
157
40
112
247
153
0
134
7
125
96
154
0
47
9
68
0
158
40
137
247
153
0
109
7
150
96
154
0
21
9
68
0
159
40
162
247
153
0
100
7
175
96
154
0
12
9
68
0
160
40
187
247
153
0
103
7
200
96
154
0
16
9
68
0
161
40
212
247
153
0
104
7
225
96
154
0
15
9
68
0
162
40
237
247
153
0
69
7
250
96
154
0
237
8
68
0
163
40
6
248
153
0
129
7
19
97
154
0
39
9
68
0
164
40
31
248
153
0
111
7
44
97
154
0
22
9
68
0
165
40
56
248
153
0
81
7
69
97
154
0
247
8
68
0
166
40
81
248
153
0
103
7
94
97
154
0
13
9
68
0
167
40
106
248
153
0
105
7
119
97
154
0
14
9
68
0
168
40
131
248
153
0
102
7
144
97
154
0
12
9
68
0
169
40
156
248
153
0
103
7
169
97
154
0
14
9
68
0
170
40
181
248
153
0
69
7
194
97
154
0
234
8
68
0
171
40
206
248
153
0
74
7
219
97
154
0
239
8
68
0
172
40
231
248
153
0
77
7
244
97
154
0
242
8
68
0
173
40
0
249
153
0
81
7
13
98
154
0
247
8
68
0
174
40
25
249
153
0
103
7
38
98
154
0
11
9
68
0
175
40
50
249
153
0
105
7
63
98
154
0
13
9
68
0
176
40
75
249
153
0
97
7
88
98
154
0
6
9
68
0
177
40
100
249
153
0
101
7
113
98
154
0
9
9
68
0
178
40
125
249
153
0
69
7
138
98
154
0
233
8
68
0
179
40
150
249
153
0
74
7
163
98
154
0
237
8
68
0
180
40
175
249
153
0
78
7
188
98
154
0
241
8
68
0
181
40
200
249
153
0
136
7
213
98
154
0
43
9
68
0
182
40
225
249
153
0
107
7
238
98
154
0
14
9
68
0
183
40
250
249
153
0
99
7
7
99
154
0
5
9
68
0
184
40
19
250
153
0
100
7
32
99
154
0
6
9
68
0
185
40
44
250
153
0
100
7
57
99
154
0
7
9
68
0
186
40
69
250
153
0
71
7
82
99
154
0
233
8
68
0
187
40
94
250
153
0
128
7
107
99
154
0
34
9
68
0
188
40
119
250
153
0
78
7
132
99
154
0
239
8
68
0
189
40
144
250
153
0
81
7
157
99
154
0
242
8
68
0
190
40
169
250
153
0
100
7
182
99
154
0
5
9
68
0
191
40
194
250
153
0
102
7
207
99
154
0
7
9
68
0
192
40
219
250
153
0
103
7
232
99
154
0
7
9
68
0
193
40
244
250
153
0
103
7
1
100
154
0
7
9
68
0
194
40
13
251
153
0
69
7
26
100
154
0
229
8
68
0
195
40
38
251
153
0
74
7
51
100
154
0
234
8
68
0
196
40
63
251
153
0
78
7
76
100
154
0
237
8
68
0
197
40
88
251
153
0
81
7
101
100
154
0
240
8
68
0
198
40
113
251
153
0
103
7
126
100
154
0
6
9
68
0
199
40
138
251
153
0
105
7
151
100
154
0
7
9
68
0
200
40
163
251
153
0
101
7
176
100
154
0
3
9
68
0
201
40
188
251
153
0
104
7
201
100
154
0
7
9
68
0
202
40
213
251
153
0
69
7
226
100
154
0
227
8
68
0
203
40
238
251
153
0
73
7
251
100
154
0
231
8
68
0
204
40
7
252
153
0
78
7
20
101
154
0
235
8
68
0
205
40
32
252
153
0
81
7
45
101
154
0
239
8
68
0
206
40
57
252
153
0
101
7
70
101
154
0
2
9
68
0
207
40
82
252
153
0
102
7
95
101
154
0
3
9
68
0
208
40
107
252
153
0
101
7
120
101
154
0
1
9
68
0
209
40
132
252
153
0
101
7
145
101
154
0
2
9
68
0
210
40
157
252
153
0
69
7
170
101
154
0
226
8
68
0
211
40
182
252
153
0
128
7
195
101
154
0
28
9
68
0
212
40
207
252
153
0
79
7
220
101
154
0
235
8
68
0
213
40
232
252
153
0
82
7
245
101
154
0
238
8
68
0
214
40
1
253
153
0
101
7
14
102
154
0
1
9
68
0
215
40
26
253
153
0
99
7
39
102
154
0
254
8
68
0
216
40
51
253
153
0
101
7
64
102
154
0
255
8
68
0
217
40
76
253
153
0
101
7
89
102
154
0
0
9
68
0
218
40
101
253
153
0
70
7
114
102
154
0
224
8
68
0
219
40
126
253
153
0
74
7
139
102
154
0
228
8
68
0
220
40
151
253
153
0
79
7
164
102
154
0
232
8
68
0
221
40
176
253
153
0
83
7
189
102
154
0
236
8
68
0
222
40
201
253
153
0
101
7
214
102
154
0
254
8
68
0
223
40
226
253
153
0
136
7
239
102
154
0
33
9
68
0
224
40
251
253
153
0
114
7
8
103
154
0
10
9
68
0
225
40
20
254
153
0
108
7
33
103
154
0
4
9
68
0
226
40
45
254
153
0
71
7
58
103
154
0
224
8
68
0
227
40
70
254
153
0
75
7
83
103
154
0
227
8
68
0
228
40
95
254
153
0
80
7
108
103
154
0
232
8
68
0
229
40
120
254
153
0
84
7
133
103
154
0
235
8
68
0
230
40
145
254
153
0
100
7
158
103
154
0
252
8
68
0
231
40
170
254
153
0
104
7
183
103
154
0
255
8
68
0
232
40
195
254
153
0
103
7
208
103
154
0
254
8
68
0
233
40
220
254
153
0
104
7
233
103
154
0
254
8
68
0
234
40
245
254
153
0
104
7
2
104
154
0
255
8
68
0
235
40
14
255
153
0
75
7
27
104
154
0
226
8
68
0
236
40
39
255
153
0
78
7
52
104
154
0
228
8
68
0
237
40
64
255
153
0
82
7
77
104
154
0
232
8
68
0
238
40
89
255
153
0
103
7
102
104
154
0
253
8
68
0
239
40
114
255
153
0
104
7
127
104
154
0
254
8
68
0
240
40
139
255
153
0
100
7
152
104
154
0
248
8
68
0
241
40
164
255
153
0
120
7
177
104
154
0
12
9
68
0
242
40
189
255
153
0
108
7
202
104
154
0
1
9
68
0
243
40
214
255
153
0
75
7
227
104
154
0
223
8
68
0
244
40
239
255
153
0
79
7
252
104
154
0
227
8
68
0
245
40
8
0
154
0
84
7
21
105
154
0
231
8
68
0
246
40
33
0
154
0
99
7
46
105
154
0
247
8
68
0
247
40
58
0
154
0
137
7
71
105
154
0
28
9
68
0
248
40
83
0
154
0
108
7
96
105
154
0
255
8
68
0
249
40
108
0
154
0
100
7
121
105
154
0
246
8
68
0
250
40
133
0
154
0
70
7
146
105
154
0
217
8
68
0
251
40
158
0
154
0
74
7
171
105
154
0
221
8
68
0
252
40
183
0
154
0
78
7
196
105
154
0
224
8
68
0
253
40
208
0
154
0
135
7
221
105
154
0
25
9
68
0
254
40
233
0
154
0
108
7
246
105
154
0
254
8
68
0
255
40
2
1
154
0
99
7
15
106
154
0
245
8
68
0
0
41
27
1
154
0
103
7
40
106
154
0
248
8
68
0
1
41
52
1
154
0
105
7
65
106
154
0
250
8
68
0
2
41
77
1
154
0
69
7
90
106
154
0
214
8
68
0
3
41
102
1
154
0
128
7
115
106
154
0
17
9
68
0
4
41
127
1
154
0
111
7
140
106
154
0
0
9
68
0
5
41
152
1
154
0
82
7
165
106
154
0
226
8
68
0
6
41
177
1
154
0
104
7
190
106
154
0
248
8
68
0
7
41
202
1
154
0
104
7
215
106
154
0
248
8
68
0
8
41
227
1
154
0
102
7
240
106
154
0
246
8
68
0
9
41
252
1
154
0
104
7
9
107
154
0
246
8
68
0
10
41
21
2
154
0
70
7
34
107
154
0
212
8
68
0
11
41
46
2
154
0
73
7
59
107
154
0
216
8
68
0
12
41
71
2
154
0
77
7
84
107
154
0
219
8
68
0
13
41
96
2
154
0
82
7
109
107
154
0
224
8
68
0
14
41
121
2
154
0
104
7
134
107
154
0
245
8
68
0
15
41
146
2
154
0
104
7
159
107
154
0
246
8
68
0
16
41
171
2
154
0
97
7
184
107
154
0
238
8
68
0
17
41
196
2
154
0
102
7
209
107
154
0
243
8
68
0
18
41
221
2
154
0
70
7
234
107
154
0
210
8
68
0
19
41
246
2
154
0
73
7
3
108
154
0
214
8
68
0
20
41
15
3
154
0
77
7
28
108
154
0
219
8
68
0
21
41
40
3
154
0
137
7
53
108
154
0
21
9
68
0
22
41
65
3
154
0
108
7
78
108
154
0
248
8
68
0
23
41
90
3
154
0
98
7
103
108
154
0
238
8
68
0
24
41
115
3
154
0
99
7
128
108
154
0
239
8
68
0
25
41
140
3
154
0
101
7
153
108
154
0
240
8
68
0
26
41
165
3
154
0
72
7
178
108
154
0
211
8
68
0
27
41
190
3
154
0
127
7
203
108
154
0
10
9
68
0
28
41
215
3
154
0
77
7
228
108
154
0
216
8
68
0
29
41
240
3
154
0
82
7
253
108
154
0
221
8
68
0
30
41
9
4
154
0
101
7
22
109
154
0
239
8
68
0
31
41
34
4
154
0
101
7
47
109
154
0
240
8
68
0
32
41
59
4
154
0
102
7
72
109
154
0
240
8
68
0
33
41
84
4
154
0
103
7
97
109
154
0
241
8
68
0
34
41
109
4
154
0
70
7
122
109
154
0
207
8
68
0
35
41
134
4
154
0
73
7
147
109
154
0
210
8
68
0
36
41
159
4
154
0
77
7
172
109
154
0
214
8
68
0
37
41
184
4
154
0
81
7
197
109
154
0
217
8
68
0
38
41
209
4
154
0
104
7
222
109
154
0
240
8
68
0
39
41
234
4
154
0
104
7
247
109
154
0
240
8
68
0
40
41
3
5
154
0
100
7
16
110
154
0
236
8
68
0
41
41
28
5
154
0
104
7
41
110
154
0
239
8
68
0
42
41
53
5
154
0
70
7
66
110
154
0
205
8
68
0
43
41
78
5
154
0
73
7
91
110
154
0
208
8
68
0
44
41
103
5
154
0
77
7
116
110
154
0
212
8
68
0
45
41
128
5
154
0
81
7
141
110
154
0
216
8
68
0
46
41
153
5
154
0
102
7
166
110
154
0
236
8
68
0
47
41
178
5
154
0
102
7
191
110
154
0
237
8
68
0
48
41
203
5
154
0
100
7
216
110
154
0
234
8
68
0
49
41
228
5
154
0
101
7
241
110
154
0
235
8
68
0
50
41
253
5
154
0
70
7
10
111
154
0
203
8
68
0
51
41
22
6
154
0
129
7
35
111
154
0
6
9
68
0
52
41
47
6
154
0
78
7
60
111
154
0
212
8
68
0
53
41
72
6
154
0
82
7
85
111
154
0
215
8
68
0
54
41
97
6
154
0
102
7
110
111
154
0
235
8
68
0
55
41
122
6
154
0
100
7
135
111
154
0
232
8
68
0
56
41
147
6
154
0
100
7
160
111
154
0
233
8
68
0
57
41
172
6
154
0
101
7
185
111
154
0
232
8
68
0
58
41
197
6
154
0
71
7
210
111
154
0
203
8
68
0
59
41
222
6
154
0
75
7
235
111
154
0
206
8
68
0
60
41
247
6
154
0
78
7
4
112
154
0
209
8
68
0
61
41
16
7
154
0
82
7
29
112
154
0
213
8
68
0
62
41
41
7
154
0
102
7
54
112
154
0
232
8
68
0
63
41
66
7
154
0
137
7
79
112
154
0
11
9
68
0
64
41
91
7
154
0
113
7
104
112
154
0
243
8
68
0
65
41
116
7
154
0
107
7
129
112
154
0
237
8
68
0
66
41
141
7
154
0
72
7
154
112
154
0
201
8
68
0
67
41
166
7
154
0
76
7
179
112
154
0
205
8
68
0
68
41
191
7
154
0
79
7
204
112
154
0
208
8
68
0
69
41
216
7
154
0
83
7
229
112
154
0
212
8
68
0
70
41
241
7
154
0
101
7
254
112
154
0
230
8
68
0
71
41
10
8
154
0
105
7
23
113
154
0
233
8
68
0
72
41
35
8
154
0
102
7
48
113
154
0
231
8
68
0
73
41
60
8
154
0
103
7
73
113
154
0
231
8
68
0
74
41
85
8
154
0
104
7
98
113
154
0
232
8
68
0
75
41
110
8
154
0
76
7
123
113
154
0
203
8
68
0
76
41
135
8
154
0
77
7
148
113
154
0
205
8
68
0
77
41
160
8
154
0
81
7
173
113
154
0
209
8
68
0
78
41
185
8
154
0
103
7
198
113
154
0
230
8
68
0
79
41
210
8
154
0
105
7
223
113
154
0
232
8
68
0
80
41
235
8
154
0
99
7
248
113
154
0
226
8
68
0
81
41
4
9
154
0
119
7
17
114
154
0
246
8
68
0
82
41
29
9
154
0
108
7
42
114
154
0
233
8
68
0
83
41
54
9
154
0
76
7
67
114
154
0
202
8
68
0
84
41
79
9
154
0
79
7
92
114
154
0
204
8
68
0
85
41
104
9
154
0
83
7
117
114
154
0
209
8
68
0
86
41
129
9
154
0
99
7
142
114
154
0
225
8
68
0
87
41
154
9
154
0
138
7
167
114
154
0
6
9
68
0
88
41
179
9
154
0
108
7
192
114
154
0
233
8
68
0
89
41
204
9
154
0
99
7
217
114
154
0
223
8
68
0
90
41
229
9
154
0
70
7
242
114
154
0
194
8
68
0
91
41
254
9
154
0
75
7
11
115
154
0
198
8
68
0
92
41
23
10
154
0
79
7
36
115
154
0
202
8
68
0
93
41
48
10
154
0
134
7
61
115
154
0
1
9
68
0
94
41
73
10
154
0
108
7
86
115
154
0
231
8
68
0
95
41
98
10
154
0
100
7
111
115
154
0
223
8
68
0
96
41
123
10
154
0
104
7
136
115
154
0
226
8
68
0
97
41
148
10
154
0
104
7
161
115
154
0
227
8
68
0
98
41
173
10
154
0
69
7
186
115
154
0
191
8
68
0
99
41
198
10
154
0
129
7
211
115
154
0
251
8
68
0
100
41
223
10
154
0
112
7
236
115
154
0
233
8
68
0
101
41
248
10
154
0
81
7
5
116
154
0
203
8
68
0
102
41
17
11
154
0
103
7
30
116
154
0
225
8
68
0
103
41
42
11
154
0
105
7
55
116
154
0
226
8
68
0
104
41
67
11
154
0
103
7
80
116
154
0
224
8
68
0
105
41
92
11
154
0
103
7
105
116
154
0
224
8
68
0
106
41
117
11
154
0
69
7
130
116
154
0
189
8
68
0
107
41
142
11
154
0
74
7
155
116
154
0
193
8
68
0
108
41
167
11
154
0
78
7
180
116
154
0
198
8
68
0
109
41
192
11
154
0
81
7
205
116
154
0
200
8
68
0
110
41
217
11
154
0
103
7
230
116
154
0
222
8
68
0
111
41
242
11
154
0
105
7
255
116
154
0
225
8
68
0
112
41
11
12
154
0
98
7
24
117
154
0
216
8
68
0
113
41
36
12
154
0
101
7
49
117
154
0
220
8
68
0
114
41
61
12
154
0
69
7
74
117
154
0
187
8
68
0
115
41
86
12
154
0
74
7
99
117
154
0
192
8
68
0
116
41
111
12
154
0
78
7
124
117
154
0
195
8
68
0
117
41
136
12
154
0
136
7
149
117
154
0
254
8
68
0
118
41
161
12
154
0
107
7
174
117
154
0
224
8
68
0
119
41
186
12
154
0
98
7
199
117
154
0
215
8
68
0
120
41
211
12
154
0
100
7
224
117
154
0
217
8
68
0
121
41
236
12
154
0
100
7
249
117
154
0
217
8
68
0
122
41
5
13
154
0
71
7
18
118
154
0
188
8
68
0
123
41
30
13
154
0
127
7
43
118
154
0
243
8
68
0
124
41
55
13
154
0
78
7
68
118
154
0
194
8
68
0
125
41
80
13
154
0
81
7
93
118
154
0
197
8
68
0
126
41
105
13
154
0
100
7
118
118
154
0
216
8
68
0
127
41
130
13
154
0
101
7
143
118
154
0
217
8
68
0
128
41
155
13
154
0
103
7
168
118
154
0
218
8
68
0
129
41
180
13
154
0
103
7
193
118
154
0
219
8
68
0
130
41
205
13
154
0
69
7
218
118
154
0
184
8
68
0
131
41
230
13
154
0
73
7
243
118
154
0
188
8
68
0
132
41
255
13
154
0
78
7
12
119
154
0
192
8
68
0
133
41
24
14
154
0
81
7
37
119
154
0
196
8
68
0
134
41
49
14
154
0
103
7
62
119
154
0
217
8
68
0
135
41
74
14
154
0
104
7
87
119
154
0
217
8
68
0
136
41
99
14
154
0
101
7
112
119
154
0
215
8
68
0
137
41
124
14
154
0
105
7
137
119
154
0
217
8
68
0
138
41
149
14
154
0
69
7
162
119
154
0
182
8
68
0
139
41
174
14
154
0
73
7
187
119
154
0
185
8
68
0
140
41
199
14
154
0
78
7
212
119
154
0
190
8
68
0
141
41
224
14
154
0
82
7
237
119
154
0
193
8
68
0
142
41
249
14
154
0
101
7
6
120
154
0
214
8
68
0
143
41
18
15
154
0
102
7
31
120
154
0
214
8
68
0
144
41
43
15
154
0
101
7
56
120
154
0
212
8
68
0
145
41
68
15
154
0
102
7
81
120
154
0
213
8
68
0
146
41
93
15
154
0
69
7
106
120
154
0
180
8
68
0
147
41
118
15
154
0
128
7
131
120
154
0
239
8
68
0
148
41
143
15
154
0
79
7
156
120
154
0
189
8
68
0
149
41
168
15
154
0
83
7
181
120
154
0
193
8
68
0
150
41
193
15
154
0
101
7
206
120
154
0
211
8
68
0
151
41
218
15
154
0
99
7
231
120
154
0
209
8
68
0
152
41
243
15
154
0
101
7
0
121
154
0
211
8
68
0
153
41
12
16
154
0
102
7
25
121
154
0
211
8
68
0
154
41
37
16
154
0
70
7
50
121
154
0
180
8
68
0
155
41
62
16
154
0
74
7
75
121
154
0
183
8
68
0
156
41
87
16
154
0
79
7
100
121
154
0
188
8
68
0
157
41
112
16
154
0
83
7
125
121
154
0
191
8
68
0
158
41
137
16
154
0
101
7
150
121
154
0
210
8
68
0
159
41
162
16
154
0
136
7
175
121
154
0
244
8
68
0
160
41
187
16
154
0
113
7
200
121
154
0
221
8
68
0
161
41
212
16
154
0
108
7
225
121
154
0
216
8
68
0
162
41
237
16
154
0
71
7
250
121
154
0
178
8
68
0
163
41
6
17
154
0
75
7
19
122
154
0
182
8
68
0
164
41
31
17
154
0
79
7
44
122
154
0
185
8
68
0
165
41
56
17
154
0
84
7
69
122
154
0
190
8
68
0
166
41
81
17
154
0
100
7
94
122
154
0
207
8
68
0
167
41
106
17
154
0
104
7
119
122
154
0
210
8
68
0
168
41
131
17
154
0
102
7
144
122
154
0
208
8
68
0
169
41
156
17
154
0
104
7
169
122
154
0
209
8
68
0
170
41
181
17
154
0
104
7
194
122
154
0
210
8
68
0
171
41
206
17
154
0
75
7
219
122
154
0
180
8
68
0
172
41
231
17
154
0
77
7
244
122
154
0
182
8
68
0
173
41
0
18
154
0
82
7
13
123
154
0
186
8
68
0
174
41
25
18
154
0
103
7
38
123
154
0
208
8
68
0
175
41
50
18
154
0
104
7
63
123
154
0
208
8
68
0
176
41
75
18
154
0
99
7
88
123
154
0
203
8
68
0
177
41
100
18
154
0
120
7
113
123
154
0
224
8
68
0
178
41
125
18
154
0
109
7
138
123
154
0
212
8
68
0
179
41
150
18
154
0
75
7
163
123
154
0
179
8
68
0
180
41
175
18
154
0
79
7
188
123
154
0
182
8
68
0
181
41
200
18
154
0
84
7
213
123
154
0
187
8
68
0
182
41
225
18
154
0
100
7
238
123
154
0
202
8
68
0
183
41
250
18
154
0
137
7
7
124
154
0
240
8
68
0
184
41
19
19
154
0
108
7
32
124
154
0
210
8
68
0
185
41
44
19
154
0
100
7
57
124
154
0
201
8
68
0
186
41
69
19
154
0
71
7
82
124
154
0
172
8
68
0
187
41
94
19
154
0
74
7
107
124
154
0
176
8
68
0
188
41
119
19
154
0
78
7
132
124
154
0
180
8
68
0
189
41
144
19
154
0
135
7
157
124
154
0
235
8
68
0
190
41
169
19
154
0
109
7
182
124
154
0
209
8
68
0
191
41
194
19
154
0
99
7
207
124
154
0
199
8
68
0
192
41
219
19
154
0
103
7
232
124
154
0
203
8
68
0
193
41
244
19
154
0
105
7
1
125
154
0
205
8
68
0
194
41
13
20
154
0
70
7
26
125
154
0
169
8
68
0
195
41
38
20
154
0
128
7
51
125
154
0
228
8
68
0
196
41
63
20
154
0
111
7
76
125
154
0
210
8
68
0
197
41
88
20
154
0
82
7
101
125
154
0
181
8
68
0
198
41
113
20
154
0
104
7
126
125
154
0
202
8
68
0
199
41
138
20
154
0
104
7
151
125
154
0
203
8
68
0
200
41
163
20
154
0
102
7
176
125
154
0
200
8
68
0
201
41
188
20
154
0
104
7
201
125
154
0
202
8
68
0
202
41
213
20
154
0
70
7
226
125
154
0
168
8
68
0
203
41
238
20
154
0
73
7
251
125
154
0
171
8
68
0
204
41
7
21
154
0
77
7
20
126
154
0
175
8
68
0
205
41
32
21
154
0
81
7
45
126
154
0
178
8
68
0
206
41
57
21
154
0
104
7
70
126
154
0
201
8
68
0
207
41
82
21
154
0
104
7
95
126
154
0
201
8
68
0
208
41
107
21
154
0
97
7
120
126
154
0
194
8
68
0
209
41
132
21
154
0
101
7
145
126
154
0
197
8
68
0
210
41
157
21
154
0
70
7
170
126
154
0
165
8
68
0
211
41
182
21
154
0
73
7
195
126
154
0
169
8
68
0
212
41
207
21
154
0
77
7
220
126
154
0
173
8
68
0
213
41
232
21
154
0
136
7
245
126
154
0
231
8
68
0
214
41
1
22
154
0
108
7
14
127
154
0
202
8
68
0
215
41
26
22
154
0
98
7
39
127
154
0
194
8
68
0
216
41
51
22
154
0
99
7
64
127
154
0
194
8
68
0
217
41
76
22
154
0
100
7
89
127
154
0
194
8
68
0
218
41
101
22
154
0
72
7
114
127
154
0
166
8
68
0
219
41
126
22
154
0
128
7
139
127
154
0
221
8
68
0
220
41
151
22
154
0
77
7
164
127
154
0
171
8
68
0
221
41
176
22
154
0
81
7
189
127
154
0
174
8
68
0
222
41
201
22
154
0
101
7
214
127
154
0
194
8
68
0
223
41
226
22
154
0
102
7
239
127
154
0
194
8
68
0
224
41
251
22
154
0
102
7
8
128
154
0
195
8
68
0
225
41
20
23
154
0
103
7
33
128
154
0
195
8
68
0
226
41
45
23
154
0
70
7
58
128
154
0
162
8
68
0
227
41
70
23
154
0
74
7
83
128
154
0
166
8
68
0
228
41
95
23
154
0
77
7
108
128
154
0
169
8
68
0
229
41
120
23
154
0
81
7
133
128
154
0
173
8
68
0
230
41
145
23
154
0
104
7
158
128
154
0
195
8
68
0
231
41
170
23
154
0
105
7
183
128
154
0
196
8
68
0
232
41
195
23
154
0
100
7
208
128
154
0
191
8
68
0
233
41
220
23
154
0
104
7
233
128
154
0
195
8
68
0
234
41
245
23
154
0
70
7
2
129
154
0
160
8
68
0
235
41
14
24
154
0
74
7
27
129
154
0
163
8
68
0
236
41
39
24
154
0
77
7
52
129
154
0
168
8
68
0
237
41
64
24
154
0
81
7
77
129
154
0
170
8
68
0
238
41
89
24
154
0
102
7
102
129
154
0
191
8
68
0
239
41
114
24
154
0
103
7
127
129
154
0
191
8
68
0
240
41
139
24
154
0
100
7
152
129
154
0
189
8
68
0
241
41
164
24
154
0
101
7
177
129
154
0
189
8
68
0
242
41
189
24
154
0
70
7
202
129
154
0
158
8
68
0
243
41
214
24
154
0
129
7
227
129
154
0
217
8
68
0
244
41
239
24
154
0
78
7
252
129
154
0
166
8
68
0
245
41
8
25
154
0
82
7
21
130
154
0
170
8
68
0
246
41
33
25
154
0
101
7
46
130
154
0
188
8
68
0
247
41
58
25
154
0
100
7
71
130
154
0
187
8
68
0
248
41
83
25
154
0
100
7
96
130
154
0
187
8
68
0
249
41
108
25
154
0
101
7
121
130
154
0
188
8
68
0
250
41
133
25
154
0
70
7
146
130
154
0
156
8
68
0
251
41
158
25
154
0
75
7
171
130
154
0
161
8
68
0
252
41
183
25
154
0
78
7
196
130
154
0
165
8
68
0
253
41
208
25
154
0
82
7
221
130
154
0
168
8
68
0
254
41
233
25
154
0
101
7
246
130
154
0
187
8
68
0
255
41
2
26
154
0
137
7
15
131
154
0
222
8
68
0
0
42
27
26
154
0
113
7
40
131
154
0
199
8
68
0
1
42
52
26
154
0
107
7
65
131
154
0
192
8
68
0
2
42
77
26
154
0
71
7
90
131
154
0
155
8
68
0
3
42
102
26
154
0
76
7
115
131
154
0
161
8
68
0
4
42
127
26
154
0
79
7
140
131
154
0
163
8
68
0
5
42
152
26
154
0
83
7
165
131
154
0
167
8
68
0
6
42
177
26
154
0
100
7
190
131
154
0
183
8
68
0
7
42
202
26
154
0
105
7
215
131
154
0
188
8
68
0
8
42
227
26
154
0
103
7
240
131
154
0
185
8
68
0
9
42
252
26
154
0
103
7
9
132
154
0
187
8
68
0
10
42
21
27
154
0
104
7
34
132
154
0
186
8
68
0
11
42
46
27
154
0
76
7
59
132
154
0
158
8
68
0
12
42
71
27
154
0
78
7
84
132
154
0
160
8
68
0
13
42
96
27
154
0
81
7
109
132
154
0
163
8
68
0
14
42
121
27
154
0
103
7
134
132
154
0
186
8
68
0
15
42
146
27
154
0
105
7
159
132
154
0
186
8
68
0
16
42
171
27
154
0
100
7
184
132
154
0
181
8
68
0
17
42
196
27
154
0
119
7
209
132
154
0
200
8
68
0
18
42
221
27
154
0
108
7
234
132
154
0
189
8
68
0
19
42
246
27
154
0
76
7
3
133
154
0
156
8
68
0
20
42
15
28
154
0
80
7
28
133
154
0
160
8
68
0
21
42
40
28
154
0
83
7
53
133
154
0
164
8
68
0
22
42
65
28
154
0
99
7
78
133
154
0
179
8
68
0
23
42
90
28
154
0
138
7
103
133
154
0
218
8
68
0
24
42
115
28
154
0
109
7
128
133
154
0
188
8
68
0
25
42
140
28
154
0
99
7
153
133
154
0
179
8
68
0
26
42
165
28
154
0
70
7
178
133
154
0
148
8
68
0
27
42
190
28
154
0
75
7
203
133
154
0
154
8
68
0
28
42
215
28
154
0
79
7
228
133
154
0
157
8
68
0
29
42
240
28
154
0
134
7
253
133
154
0
213
8
68
0
30
42
9
29
154
0
108
7
22
134
154
0
186
8
68
0
31
42
34
29
154
0
99
7
47
134
154
0
176
8
68
0
32
42
59
29
154
0
104
7
72
134
154
0
181
8
68
0
33
42
84
29
154
0
104
7
97
134
154
0
181
8
68
0
34
42
109
29
154
0
69
7
122
134
154
0
146
8
68
0
35
42
134
29
154
0
128
7
147
134
154
0
204
8
68
0
36
42
159
29
154
0
112
7
172
134
154
0
188
8
68
0
37
42
184
29
154
0
81
7
197
134
154
0
159
8
68
0
38
42
209
29
154
0
103
7
222
134
154
0
179
8
68
0
39
42
234
29
154
0
104
7
247
134
154
0
180
8
68
0
40
42
3
30
154
0
103
7
16
135
154
0
178
8
68
0
41
42
28
30
154
0
103
7
41
135
154
0
179
8
68
0
42
42
53
30
154
0
69
7
66
135
154
0
144
8
68
0
43
42
78
30
154
0
73
7
91
135
154
0
148
8
68
0
44
42
103
30
154
0
78
7
116
135
154
0
152
8
68
0
45
42
128
30
154
0
81
7
141
135
154
0
156
8
68
0
46
42
153
30
154
0
103
7
166
135
154
0
178
8
68
0
47
42
178
30
154
0
104
7
191
135
154
0
178
8
68
0
48
42
203
30
154
0
98
7
216
135
154
0
172
8
68
0
49
42
228
30
154
0
102
7
241
135
154
0
175
8
68
0
50
42
253
30
154
0
69
7
10
136
154
0
143
8
68
0
51
42
22
31
154
0
73
7
35
136
154
0
146
8
68
0
52
42
47
31
154
0
78
7
60
136
154
0
151
8
68
0
53
42
72
31
154
0
137
7
85
136
154
0
210
8
68
0
54
42
97
31
154
0
107
7
110
136
154
0
179
8
68
0
55
42
122
31
154
0
98
7
135
136
154
0
170
8
68
0
56
42
147
31
154
0
100
7
160
136
154
0
171
8
68
0
57
42
172
31
154
0
101
7
185
136
154
0
173
8
68
0
58
42
197
31
154
0
71
7
210
136
154
0
142
8
68
0
59
42
222
31
154
0
127
7
235
136
154
0
198
8
68
0
60
42
247
31
154
0
78
7
4
137
154
0
148
8
68
0
61
42
16
32
154
0
82
7
29
137
154
0
152
8
68
0
62
42
41
32
154
0
100
7
54
137
154
0
172
8
68
0
63
42
66
32
154
0
101
7
79
137
154
0
171
8
68
0
64
42
91
32
154
0
103
7
104
137
154
0
173
8
68
0
65
42
116
32
154
0
104
7
129
137
154
0
173
8
68
0
66
42
141
32
154
0
69
7
154
137
154
0
139
8
68
0
67
42
166
32
154
0
73
7
179
137
154
0
142
8
68
0
68
42
191
32
154
0
78
7
204
137
154
0
147
8
68
0
69
42
216
32
154
0
82
7
229
137
154
0
150
8
68
0
70
42
241
32
154
0
103
7
254
137
154
0
172
8
68
0
71
42
10
33
154
0
104
7
23
138
154
0
173
8
68
0
72
42
35
33
154
0
101
7
48
138
154
0
169
8
68
0
73
42
60
33
154
0
105
7
73
138
154
0
173
8
68
0
74
42
85
33
154
0
69
7
98
138
154
0
137
8
68
0
75
42
110
33
154
0
73
7
123
138
154
0
141
8
68
0
76
42
135
33
154
0
77
7
148
138
154
0
143
8
68
0
77
42
160
33
154
0
82
7
173
138
154
0
148
8
68
0
78
42
185
33
154
0
101
7
198
138
154
0
169
8
68
0
79
42
210
33
154
0
102
7
223
138
154
0
169
8
68
0
80
42
235
33
154
0
100
7
248
138
154
0
167
8
68
0
81
42
4
34
154
0
102
7
17
139
154
0
168
8
68
0
82
42
29
34
154
0
69
7
42
139
154
0
135
8
68
0
83
42
54
34
154
0
128
7
67
139
154
0
193
8
68
0
84
42
79
34
154
0
78
7
92
139
154
0
143
8
68
0
85
42
104
34
154
0
83
7
117
139
154
0
147
8
68
0
86
42
129
34
154
0
101
7
142
139
154
0
166
8
68
0
87
42
154
34
154
0
99
7
167
139
154
0
164
8
68
0
88
42
179
34
154
0
100
7
192
139
154
0
164
8
68
0
89
42
204
34
154
0
102
7
217
139
154
0
166
8
68
0
90
42
229
34
154
0
70
7
242
139
154
0
134
8
68
0
91
42
254
34
154
0
74
7
11
140
154
0
138
8
68
0
92
42
23
35
154
0
78
7
36
140
154
0
141
8
68
0
93
42
48
35
154
0
83
7
61
140
154
0
146
8
68
0
94
42
73
35
154
0
102
7
86
140
154
0
165
8
68
0
95
42
98
35
154
0
136
7
111
140
154
0
199
8
68
0
96
42
123
35
154
0
113
7
136
140
154
0
176
8
68
0
97
42
148
35
154
0
108
7
161
140
154
0
170
8
68
0
98
42
173
35
154
0
72
7
186
140
154
0
134
8
68
0
99
42
198
35
154
0
75
7
211
140
154
0
137
8
68
0
100
42
223
35
154
0
79
7
236
140
154
0
141
8
68
0
101
42
248
35
154
0
84
7
5
141
154
0
145
8
68
0
102
42
17
36
154
0
101
7
30
141
154
0
161
8
68
0
103
42
42
36
154
0
104
7
55
141
154
0
166
8
68
0
104
42
67
36
154
0
102
7
80
141
154
0
162
8
68
0
105
42
92
36
154
0
104
7
105
141
154
0
165
8
68
0
106
42
117
36
154
0
105
7
130
141
154
0
164
8
68
0
107
42
142
36
154
0
75
7
155
141
154
0
136
8
68
0
108
42
167
36
154
0
77
7
180
141
154
0
136
8
68
0
109
42
192
36
154
0
82
7
205
141
154
0
141
8
68
0
110
42
217
36
154
0
104
7
230
141
154
0
162
8
68
0
111
42
242
36
154
0
104
7
255
141
154
0
163
8
68
0
112
42
11
37
154
0
99
7
24
142
154
0
158
8
68
0
113
42
36
37
154
0
120
7
49
142
154
0
178
8
68
0
114
42
61
37
154
0
109
7
74
142
154
0
167
8
68
0
115
42
86
37
154
0
75
7
99
142
154
0
133
8
68
0
116
42
111
37
154
0
79
7
124
142
154
0
137
8
68
0
117
42
136
37
154
0
84
7
149
142
154
0
141
8
68
0
118
42
161
37
154
0
100
7
174
142
154
0
157
8
68
0
119
42
186
37
154
0
137
7
199
142
154
0
195
8
68
0
120
42
211
37
154
0
108
7
224
142
154
0
165
8
68
0
121
42
236
37
154
0
99
7
249
142
154
0
156
8
68
0
122
42
5
38
154
0
71
7
18
143
154
0
127
8
68
0
123
42
30
38
154
0
74
7
43
143
154
0
131
8
68
0
124
42
55
38
154
0
78
7
68
143
154
0
134
8
68
0
125
42
80
38
154
0
134
7
93
143
154
0
190
8
68
0
126
42
105
38
154
0
109
7
118
143
154
0
164
8
68
0
127
42
130
38
154
0
99
7
143
143
154
0
155
8
68
0
128
42
155
38
154
0
103
7
168
143
154
0
159
8
68
0
129
42
180
38
154
0
104
7
193
143
154
0
159
8
68
0
130
42
205
38
154
0
70
7
218
143
154
0
124
8
68
0
131
42
230
38
154
0
128
7
243
143
154
0
183
8
68
0
132
42
255
38
154
0
111
7
12
144
154
0
165
8
68
0
133
42
24
39
154
0
81
7
37
144
154
0
134
8
68
0
134
42
49
39
154
0
104
7
62
144
154
0
157
8
68
0
135
42
74
39
154
0
105
7
87
144
154
0
157
8
68
0
136
42
99
39
154
0
102
7
112
144
154
0
155
8
68
0
137
42
124
39
154
0
103
7
137
144
154
0
156
8
68
0
138
42
149
39
154
0
70
7
162
144
154
0
122
8
68
0
139
42
174
39
154
0
74
7
187
144
154
0
126
8
68
0
140
42
199
39
154
0
77
7
212
144
154
0
129
8
68
0
141
42
224
39
154
0
81
7
237
144
154
0
134
8
68
0
142
42
249
39
154
0
104
7
6
145
154
0
155
8
68
0
143
42
18
40
154
0
105
7
31
145
154
0
156
8
68
0
144
42
43
40
154
0
97
7
56
145
154
0
149
8
68
0
145
42
68
40
154
0
101
7
81
145
154
0
152
8
68
0
146
42
93
40
154
0
70
7
106
145
154
0
121
8
68
0
147
42
118
40
154
0
74
7
131
145
154
0
124
8
68
0
148
42
143
40
154
0
77
7
156
145
154
0
128
8
68
0
149
42
168
40
154
0
136
7
181
145
154
0
186
8
68
0
150
42
193
40
154
0
108
7
206
145
154
0
158
8
68
0
151
42
218
40
154
0
99
7
231
145
154
0
148
8
68
0
152
42
243
40
154
0
99
7
0
146
154
0
148
8
68
0
153
42
12
41
154
0
100
7
25
146
154
0
149
8
68
0
154
42
37
41
154
0
72
7
50
146
154
0
121
8
68
0
155
42
62
41
154
0
128
7
75
146
154
0
176
8
68
0
156
42
87
41
154
0
77
7
100
146
154
0
126
8
68
0
157
42
112
41
154
0
81
7
125
146
154
0
130
8
68
0
158
42
137
41
154
0
101
7
150
146
154
0
148
8
68
0
159
42
162
41
154
0
102
7
175
146
154
0
150
8
68
0
160
42
187
41
154
0
102
7
200
146
154
0
149
8
68
0
161
42
212
41
154
0
103
7
225
146
154
0
151
8
68
0
162
42
237
41
154
0
69
7
250
146
154
0
116
8
68
0
163
42
6
42
154
0
74
7
19
147
154
0
120
8
68
0
164
42
31
42
154
0
77
7
44
147
154
0
124
8
68
0
165
42
56
42
154
0
81
7
69
147
154
0
127
8
68
0
166
42
81
42
154
0
103
7
94
147
154
0
149
8
68
0
167
42
106
42
154
0
105
7
119
147
154
0
150
8
68
0
168
42
131
42
154
0
100
7
144
147
154
0
146
8
68
0
169
42
156
42
154
0
104
7
169
147
154
0
150
8
68
0
170
42
181
42
154
0
69
7
194
147
154
0
114
8
68
0
171
42
206
42
154
0
74
7
219
147
154
0
119
8
68
0
172
42
231
42
154
0
77
7
244
147
154
0
122
8
68
0
173
42
0
43
154
0
81
7
13
148
154
0
126
8
68
0
174
42
25
43
154
0
101
7
38
148
154
0
145
8
68
0
176
42
75
43
154
0
115
7
88
148
154
0
158
8
68
0
177
42
100
43
154
0
106
7
113
148
154
0
149
8
68
0
178
42
125
43
154
0
70
7
138
148
154
0
113
8
68
0
179
42
150
43
154
0
127
7
163
148
154
0
170
8
68
0
180
42
175
43
154
0
80
7
188
148
154
0
122
8
68
0
181
42
200
43
154
0
83
7
213
148
154
0
126
8
68
0
182
42
225
43
154
0
99
7
238
148
154
0
141
8
68
0
183
42
250
43
154
0
101
7
7
149
154
0
142
8
68
0
184
42
19
44
154
0
102
7
32
149
154
0
143
8
