 68
0
227
9
70
247
25
0
74
7
99
96
26
0
242
7
68
0
228
9
95
247
25
0
78
7
124
96
26
0
246
7
68
0
229
9
120
247
25
0
136
7
149
96
26
0
48
8
68
0
230
9
145
247
25
0
107
7
174
96
26
0
19
8
68
0
231
9
170
247
25
0
98
7
199
96
26
0
9
8
68
0
232
9
195
247
25
0
100
7
224
96
26
0
11
8
68
0
233
9
220
247
25
0
100
7
249
96
26
0
11
8
68
0
234
9
245
247
25
0
71
7
18
97
26
0
238
7
68
0
235
9
14
248
25
0
127
7
43
97
26
0
38
8
68
0
236
9
39
248
25
0
78
7
68
97
26
0
244
7
68
0
237
9
64
248
25
0
82
7
93
97
26
0
248
7
68
0
238
9
89
248
25
0
100
7
118
97
26
0
10
8
68
0
239
9
114
248
25
0
104
7
143
97
26
0
14
8
68
0
240
9
139
248
25
0
103
7
168
97
26
0
13
8
68
0
241
9
164
248
25
0
104
7
193
97
26
0
13
8
68
0
242
9
189
248
25
0
69
7
218
97
26
0
235
7
68
0
243
9
214
248
25
0
73
7
243
97
26
0
239
7
68
0
244
9
239
248
25
0
78
7
12
98
26
0
243
7
68
0
245
9
8
249
25
0
82
7
37
98
26
0
247
7
68
0
246
9
33
249
25
0
103
7
62
98
26
0
12
8
68
0
247
9
58
249
25
0
104
7
87
98
26
0
13
8
68
0
248
9
83
249
25
0
100
7
112
98
26
0
9
8
68
0
249
9
108
249
25
0
105
7
137
98
26
0
13
8
68
0
250
9
133
249
25
0
69
7
162
98
26
0
234
7
68
0
251
9
158
249
25
0
73
7
187
98
26
0
238
7
68
0
252
9
183
249
25
0
77
7
212
98
26
0
241
7
68
0
253
9
208
249
25
0
82
7
237
98
26
0
246
7
68
0
254
9
233
249
25
0
101
7
6
99
26
0
8
8
68
0
255
9
2
250
25
0
99
7
31
99
26
0
7
8
68
0
0
10
27
250
25
0
100
7
56
99
26
0
7
8
68
0
1
10
52
250
25
0
102
7
81
99
26
0
8
8
68
0
2
10
77
250
25
0
70
7
106
99
26
0
232
7
68
0
3
10
102
250
25
0
128
7
131
99
26
0
35
8
68
0
4
10
127
250
25
0
78
7
156
99
26
0
240
7
68
0
5
10
152
250
25
0
83
7
181
99
26
0
245
7
68
0
6
10
177
250
25
0
102
7
206
99
26
0
7
8
68
0
7
10
202
250
25
0
99
7
231
99
26
0
5
8
68
0
8
10
227
250
25
0
100
7
0
100
26
0
6
8
68
0
9
10
252
250
25
0
102
7
25
100
26
0
7
8
68
0
10
10
21
251
25
0
71
7
50
100
26
0
232
7
68
0
11
10
46
251
25
0
74
7
75
100
26
0
235
7
68
0
12
10
71
251
25
0
78
7
100
100
26
0
239
7
68
0
13
10
96
251
25
0
82
7
125
100
26
0
243
7
68
0
14
10
121
251
25
0
102
7
150
100
26
0
6
8
68
0
15
10
146
251
25
0
90
7
175
100
26
0
251
7
68
0
16
10
171
251
25
0
101
7
200
100
26
0
6
8
68
0
17
10
196
251
25
0
102
7
225
100
26
0
6
8
68
0
18
10
221
251
25
0
104
7
250
100
26
0
8
8
68
0
19
10
246
251
25
0
75
7
19
101
26
0
233
7
68
0
20
10
15
252
25
0
78
7
44
101
26
0
238
7
68
0
21
10
40
252
25
0
82
7
69
101
26
0
242
7
68
0
22
10
65
252
25
0
103
7
94
101
26
0
6
8
68
0
23
10
90
252
25
0
104
7
119
101
26
0
7
8
68
0
24
10
115
252
25
0
104
7
144
101
26
0
7
8
68
0
25
10
140
252
25
0
102
7
169
101
26
0
4
8
68
0
26
10
165
252
25
0
104
7
194
101
26
0
7
8
68
0
27
10
190
252
25
0
75
7
219
101
26
0
233
7
68
0
28
10
215
252
25
0
79
7
244
101
26
0
238
7
68
0
29
10
240
252
25
0
83
7
13
102
26
0
242
7
68
0
30
10
9
253
25
0
102
7
38
102
26
0
4
8
68
0
31
10
34
253
25
0
101
7
63
102
26
0
2
8
68
0
32
10
59
253
25
0
101
7
88
102
26
0
3
8
68
0
33
10
84
253
25
0
118
7
113
102
26
0
19
8
68
0
34
10
109
253
25
0
107
7
138
102
26
0
8
8
68
0
35
10
134
253
25
0
75
7
163
102
26
0
231
7
68
0
36
10
159
253
25
0
79
7
188
102
26
0
235
7
68
0
37
10
184
253
25
0
82
7
213
102
26
0
239
7
68
0
38
10
209
253
25
0
101
7
238
102
26
0
1
8
68
0
39
10
234
253
25
0
137
7
7
103
26
0
37
8
68
0
40
10
3
254
25
0
111
7
32
103
26
0
11
8
68
0
41
10
28
254
25
0
101
7
57
103
26
0
1
8
68
0
42
10
53
254
25
0
69
7
82
103
26
0
225
7
68
0
43
10
78
254
25
0
74
7
107
103
26
0
229
7
68
0
44
10
103
254
25
0
78
7
132
103
26
0
233
7
68
0
45
10
128
254
25
0
136
7
157
103
26
0
36
8
68
0
46
10
153
254
25
0
107
7
182
103
26
0
6
8
68
0
47
10
178
254
25
0
101
7
207
103
26
0
0
8
68
0
48
10
203
254
25
0
103
7
232
103
26
0
2
8
68
0
49
10
228
254
25
0
103
7
1
104
26
0
2
8
68
0
50
10
253
254
25
0
104
7
26
104
26
0
3
8
68
0
51
10
22
255
25
0
75
7
51
104
26
0
229
7
68
0
52
10
47
255
25
0
78
7
76
104
26
0
232
7
68
0
53
10
72
255
25
0
81
7
101
104
26
0
236
7
68
0
54
10
97
255
25
0
103
7
126
104
26
0
0
8
68
0
55
10
122
255
25
0
104
7
151
104
26
0
1
8
68
0
56
10
147
255
25
0
103
7
176
104
26
0
255
7
68
0
57
10
172
255
25
0
104
7
201
104
26
0
0
8
68
0
58
10
197
255
25
0
69
7
226
104
26
0
223
7
68
0
59
10
222
255
25
0
73
7
251
104
26
0
225
7
68
0
60
10
247
255
25
0
78
7
20
105
26
0
230
7
68
0
61
10
16
0
26
0
82
7
45
105
26
0
234
7
68
0
62
10
41
0
26
0
103
7
70
105
26
0
255
7
68
0
63
10
66
0
26
0
101
7
95
105
26
0
253
7
68
0
64
10
91
0
26
0
98
7
120
105
26
0
249
7
68
0
65
10
116
0
26
0
102
7
145
105
26
0
253
7
68
0
66
10
141
0
26
0
69
7
170
105
26
0
221
7
68
0
67
10
166
0
26
0
73
7
195
105
26
0
224
7
68
0
68
10
191
0
26
0
77
7
220
105
26
0
228
7
68
0
69
10
216
0
26
0
137
7
245
105
26
0
32
8
68
0
70
10
241
0
26
0
107
7
14
106
26
0
2
8
68
0
71
10
10
1
26
0
98
7
39
106
26
0
249
7
68
0
72
10
35
1
26
0
99
7
64
106
26
0
249
7
68
0
73
10
60
1
26
0
101
7
89
106
26
0
251
7
68
0
74
10
85
1
26
0
72
7
114
106
26
0
222
7
68
0
75
10
110
1
26
0
127
7
139
106
26
0
21
8
68
0
76
10
135
1
26
0
77
7
164
106
26
0
227
7
68
0
77
10
160
1
26
0
82
7
189
106
26
0
232
7
68
0
78
10
185
1
26
0
101
7
214
106
26
0
250
7
68
0
79
10
210
1
26
0
104
7
239
106
26
0
254
7
68
0
80
10
235
1
26
0
102
7
8
107
26
0
251
7
68
0
81
10
4
2
26
0
104
7
33
107
26
0
252
7
68
0
82
10
29
2
26
0
70
7
58
107
26
0
219
7
68
0
83
10
54
2
26
0
73
7
83
107
26
0
222
7
68
0
84
10
79
2
26
0
77
7
108
107
26
0
226
7
68
0
85
10
104
2
26
0
81
7
133
107
26
0
230
7
68
0
86
10
129
2
26
0
104
7
158
107
26
0
251
7
68
0
87
10
154
2
26
0
104
7
183
107
26
0
252
7
68
0
88
10
179
2
26
0
100
7
208
107
26
0
247
7
68
0
89
10
204
2
26
0
104
7
233
107
26
0
251
7
68
0
90
10
229
2
26
0
70
7
2
108
26
0
217
7
68
0
91
10
254
2
26
0
74
7
27
108
26
0
220
7
68
0
92
10
23
3
26
0
77
7
52
108
26
0
224
7
68
0
93
10
48
3
26
0
81
7
77
108
26
0
228
7
68
0
94
10
73
3
26
0
102
7
102
108
26
0
248
7
68
0
95
10
98
3
26
0
100
7
127
108
26
0
246
7
68
0
96
10
123
3
26
0
100
7
152
108
26
0
246
7
68
0
97
10
148
3
26
0
101
7
177
108
26
0
247
7
68
0
98
10
173
3
26
0
70
7
202
108
26
0
216
7
68
0
99
10
198
3
26
0
129
7
227
108
26
0
18
8
68
0
100
10
223
3
26
0
78
7
252
108
26
0
224
7
68
0
101
10
248
3
26
0
82
7
21
109
26
0
227
7
68
0
102
10
17
4
26
0
101
7
46
109
26
0
246
7
68
0
103
10
42
4
26
0
100
7
71
109
26
0
245
7
68
0
104
10
67
4
26
0
100
7
96
109
26
0
245
7
68
0
105
10
92
4
26
0
101
7
121
109
26
0
246
7
68
0
106
10
117
4
26
0
70
7
146
109
26
0
215
7
68
0
107
10
142
4
26
0
75
7
171
109
26
0
219
7
68
0
108
10
167
4
26
0
78
7
196
109
26
0
223
7
68
0
109
10
192
4
26
0
82
7
221
109
26
0
226
7
68
0
110
10
217
4
26
0
101
7
246
109
26
0
244
7
68
0
111
10
242
4
26
0
91
7
15
110
26
0
234
7
68
0
112
10
11
5
26
0
102
7
40
110
26
0
244
7
68
0
113
10
36
5
26
0
102
7
65
110
26
0
245
7
68
0
114
10
61
5
26
0
103
7
90
110
26
0
246
7
68
0
115
10
86
5
26
0
75
7
115
110
26
0
217
7
68
0
116
10
111
5
26
0
79
7
140
110
26
0
221
7
68
0
117
10
136
5
26
0
82
7
165
110
26
0
224
7
68
0
118
10
161
5
26
0
102
7
190
110
26
0
244
7
68
0
119
10
186
5
26
0
104
7
215
110
26
0
246
7
68
0
120
10
211
5
26
0
105
7
240
110
26
0
246
7
68
0
121
10
236
5
26
0
102
7
9
111
26
0
244
7
68
0
122
10
5
6
26
0
103
7
34
111
26
0
245
7
68
0
123
10
30
6
26
0
74
7
59
111
26
0
215
7
68
0
124
10
55
6
26
0
80
7
84
111
26
0
221
7
68
0
125
10
80
6
26
0
83
7
109
111
26
0
224
7
68
0
126
10
105
6
26
0
102
7
134
111
26
0
243
7
68
0
127
10
130
6
26
0
100
7
159
111
26
0
241
7
68
0
128
10
155
6
26
0
102
7
184
111
26
0
242
7
68
0
129
10
180
6
26
0
119
7
209
111
26
0
3
8
68
0
130
10
205
6
26
0
107
7
234
111
26
0
248
7
68
0
131
10
230
6
26
0
74
7
3
112
26
0
214
7
68
0
132
10
255
6
26
0
79
7
28
112
26
0
219
7
68
0
133
10
24
7
26
0
83
7
53
112
26
0
222
7
68
0
134
10
49
7
26
0
101
7
78
112
26
0
241
7
68
0
135
10
74
7
26
0
136
7
103
112
26
0
20
8
68
0
136
10
99
7
26
0
111
7
128
112
26
0
250
7
68
0
137
10
124
7
26
0
102
7
153
112
26
0
241
7
68
0
138
10
149
7
26
0
69
7
178
112
26
0
209
7
68
0
139
10
174
7
26
0
73
7
203
112
26
0
212
7
68
0
140
10
199
7
26
0
77
7
228
112
26
0
215
7
68
0
141
10
224
7
26
0
137
7
253
112
26
0
18
8
68
0
142
10
249
7
26
0
107
7
22
113
26
0
245
7
68
0
143
10
18
8
26
0
101
7
47
113
26
0
239
7
68
0
144
10
43
8
26
0
102
7
72
113
26
0
239
7
68
0
145
10
68
8
26
0
104
7
97
113
26
0
241
7
68
0
146
10
93
8
26
0
105
7
122
113
26
0
241
7
68
0
147
10
118
8
26
0
75
7
147
113
26
0
212
7
68
0
148
10
143
8
26
0
77
7
172
113
26
0
214
7
68
0
149
10
168
8
26
0
82
7
197
113
26
0
218
7
68
0
150
10
193
8
26
0
104
7
222
113
26
0
240
7
68
0
151
10
218
8
26
0
104
7
247
113
26
0
241
7
68
0
152
10
243
8
26
0
102
7
16
114
26
0
238
7
68
0
153
10
12
9
26
0
104
7
41
114
26
0
240
7
68
0
154
10
37
9
26
0
70
7
66
114
26
0
205
7
68
0
155
10
62
9
26
0
73
7
91
114
26
0
209
7
68
0
156
10
87
9
26
0
77
7
116
114
26
0
213
7
68
0
157
10
112
9
26
0
81
7
141
114
26
0
216
7
68
0
158
10
137
9
26
0
104
7
166
114
26
0
239
7
68
0
159
10
162
9
26
0
101
7
191
114
26
0
237
7
68
0
160
10
187
9
26
0
97
7
216
114
26
0
232
7
68
0
161
10
212
9
26
0
101
7
241
114
26
0
236
7
68
0
162
10
237
9
26
0
70
7
10
115
26
0
204
7
68
0
163
10
6
10
26
0
73
7
35
115
26
0
208
7
68
0
164
10
31
10
26
0
77
7
60
115
26
0
211
7
68
0
165
10
56
10
26
0
136
7
85
115
26
0
13
8
68
0
166
10
81
10
26
0
108
7
110
115
26
0
242
7
68
0
167
10
106
10
26
0
99
7
135
115
26
0
233
7
68
0
168
10
131
10
26
0
99
7
160
115
26
0
233
7
68
0
169
10
156
10
26
0
100
7
185
115
26
0
233
7
68
0
170
10
181
10
26
0
72
7
210
115
26
0
204
7
68
0
171
10
206
10
26
0
128
7
235
115
26
0
4
8
68
0
172
10
231
10
26
0
77
7
4
116
26
0
210
7
68
0
173
10
0
11
26
0
81
7
29
116
26
0
213
7
68
0
174
10
25
11
26
0
101
7
54
116
26
0
233
7
68
0
175
10
50
11
26
0
105
7
79
116
26
0
237
7
68
0
176
10
75
11
26
0
102
7
104
116
26
0
234
7
68
0
177
10
100
11
26
0
103
7
129
116
26
0
235
7
68
0
178
10
125
11
26
0
69
7
154
116
26
0
200
7
68
0
179
10
150
11
26
0
74
7
179
116
26
0
205
7
68
0
180
10
175
11
26
0
77
7
204
116
26
0
209
7
68
0
181
10
200
11
26
0
81
7
229
116
26
0
212
7
68
0
182
10
225
11
26
0
103
7
254
116
26
0
234
7
68
0
183
10
250
11
26
0
105
7
23
117
26
0
236
7
68
0
184
10
19
12
26
0
101
7
48
117
26
0
231
7
68
0
185
10
44
12
26
0
104
7
73
117
26
0
235
7
68
0
186
10
69
12
26
0
69
7
98
117
26
0
199
7
68
0
187
10
94
12
26
0
74
7
123
117
26
0
204
7
68
0
188
10
119
12
26
0
78
7
148
117
26
0
208
7
68
0
189
10
144
12
26
0
81
7
173
117
26
0
211
7
68
0
190
10
169
12
26
0
101
7
198
117
26
0
231
7
68
0
191
10
194
12
26
0
100
7
223
117
26
0
229
7
68
0
192
10
219
12
26
0
101
7
248
117
26
0
229
7
68
0
193
10
244
12
26
0
101
7
17
118
26
0
231
7
68
0
194
10
13
13
26
0
69
7
42
118
26
0
198
7
68
0
195
10
38
13
26
0
128
7
67
118
26
0
0
8
68
0
196
10
63
13
26
0
79
7
92
118
26
0
208
7
68
0
197
10
88
13
26
0
82
7
117
118
26
0
210
7
68
0
198
10
113
13
26
0
101
7
142
118
26
0
229
7
68
0
199
10
138
13
26
0
99
7
167
118
26
0
226
7
68
0
200
10
163
13
26
0
101
7
192
118
26
0
228
7
68
0
201
10
188
13
26
0
102
7
217
118
26
0
229
7
68
0
202
10
213
13
26
0
70
7
242
118
26
0
197
7
68
0
203
10
238
13
26
0
74
7
11
119
26
0
201
7
68
0
204
10
7
14
26
0
79
7
36
119
26
0
206
7
68
0
205
10
32
14
26
0
83
7
61
119
26
0
209
7
68
0
206
10
57
14
26
0
101
7
86
119
26
0
228
7
68
0
207
10
82
14
26
0
90
7
111
119
26
0
216
7
68
0
208
10
107
14
26
0
102
7
136
119
26
0
228
7
68
0
209
10
132
14
26
0
103
7
161
119
26
0
229
7
68
0
210
10
157
14
26
0
103
7
186
119
26
0
229
7
68
0
211
10
182
14
26
0
74
7
211
119
26
0
200
7
68
0
212
10
207
14
26
0
78
7
236
119
26
0
204
7
68
0
213
10
232
14
26
0
83
7
5
120
26
0
208
7
68
0
214
10
1
15
26
0
102
7
30
120
26
0
228
7
68
0
215
10
26
15
26
0
103
7
55
120
26
0
228
7
68
0
216
10
51
15
26
0
104
7
80
120
26
0
229
7
68
0
217
10
76
15
26
0
103
7
105
120
26
0
228
7
68
0
218
10
101
15
26
0
103
7
130
120
26
0
228
7
68
0
219
10
126
15
26
0
74
7
155
120
26
0
199
7
68
0
220
10
151
15
26
0
79
7
180
120
26
0
204
7
68
0
221
10
176
15
26
0
84
7
205
120
26
0
208
7
68
0
222
10
201
15
26
0
103
7
230
120
26
0
227
7
68
0
223
10
226
15
26
0
100
7
255
120
26
0
224
7
68
0
224
10
251
15
26
0
101
7
24
121
26
0
224
7
68
0
225
10
20
16
26
0
119
7
49
121
26
0
242
7
68
0
226
10
45
16
26
0
108
7
74
121
26
0
231
7
68
0
227
10
70
16
26
0
74
7
99
121
26
0
197
7
68
0
228
10
95
16
26
0
78
7
124
121
26
0
201
7
68
0
229
10
120
16
26
0
83
7
149
121
26
0
205
7
68
0
230
10
145
16
26
0
102
7
174
121
26
0
224
7
68
0
231
10
170
16
26
0
136
7
199
121
26
0
2
8
68
0
232
10
195
16
26
0
110
7
224
121
26
0
232
7
68
0
233
10
220
16
26
0
101
7
249
121
26
0
223
7
68
0
234
10
245
16
26
0
70
7
18
122
26
0
191
7
68
0
235
10
14
17
26
0
73
7
43
122
26
0
195
7
68
0
236
10
39
17
26
0
77
7
68
122
26
0
198
7
68
0
237
10
64
17
26
0
136
7
93
122
26
0
1
8
68
0
238
10
89
17
26
0
108
7
118
122
26
0
229
7
68
0
239
10
114
17
26
0
102
7
143
122
26
0
222
7
68
0
240
10
139
17
26
0
102
7
168
122
26
0
223
7
68
0
241
10
164
17
26
0
103
7
193
122
26
0
224
7
68
0
242
10
189
17
26
0
105
7
218
122
26
0
225
7
68
0
243
10
214
17
26
0
76
7
243
122
26
0
196
7
68
0
244
10
239
17
26
0
77
7
12
123
26
0
197
7
68
0
245
10
8
18
26
0
81
7
37
123
26
0
201
7
68
0
246
10
33
18
26
0
104
7
62
123
26
0
224
7
68
0
247
10
58
18
26
0
105
7
87
123
26
0
224
7
68
0
248
10
83
18
26
0
102
7
112
123
26
0
222
7
68
0
249
10
108
18
26
0
103
7
137
123
26
0
223
7
68
0
250
10
133
18
26
0
69
7
162
123
26
0
188
7
68
0
251
10
158
18
26
0
74
7
187
123
26
0
192
7
68
0
252
10
183
18
26
0
77
7
212
123
26
0
196
7
68
0
253
10
208
18
26
0
81
7
237
123
26
0
200
7
68
0
254
10
233
18
26
0
103
7
6
124
26
0
221
7
68
0
255
10
2
19
26
0
102
7
31
124
26
0
219
7
68
0
0
11
27
19
26
0
98
7
56
124
26
0
216
7
68
0
1
11
52
19
26
0
101
7
81
124
26
0
219
7
68
0
2
11
77
19
26
0
69
7
106
124
26
0
187
7
68
0
3
11
102
19
26
0
74
7
131
124
26
0
191
7
68
0
4
11
127
19
26
0
78
7
156
124
26
0
194
7
68
0
5
11
152
19
26
0
136
7
181
124
26
0
253
7
68
0
6
11
177
19
26
0
107
7
206
124
26
0
224
7
68
0
7
11
202
19
26
0
99
7
231
124
26
0
215
7
68
0
8
11
227
19
26
0
100
7
0
125
26
0
216
7
68
0
9
11
252
19
26
0
100
7
25
125
26
0
217
7
68
0
10
11
21
20
26
0
71
7
50
125
26
0
187
7
68
0
11
11
46
20
26
0
127
7
75
125
26
0
243
7
68
0
12
11
71
20
26
0
78
7
100
125
26
0
193
7
68
0
13
11
96
20
26
0
81
7
125
125
26
0
197
7
68
0
14
11
121
20
26
0
100
7
150
125
26
0
216
7
68
0
15
11
146
20
26
0
104
7
175
125
26
0
219
7
68
0
16
11
171
20
26
0
103
7
200
125
26
0
218
7
68
0
17
11
196
20
26
0
103
7
225
125
26
0
219
7
68
0
18
11
221
20
26
0
69
7
250
125
26
0
184
7
68
0
19
11
246
20
26
0
73
7
19
126
26
0
188
7
68
0
20
11
15
21
26
0
78
7
44
126
26
0
192
7
68
0
21
11
40
21
26
0
82
7
69
126
26
0
196
7
68
0
22
11
65
21
26
0
103
7
94
126
26
0
218
7
68
0
23
11
90
21
26
0
104
7
119
126
26
0
218
7
68
0
24
11
115
21
26
0
101
7
144
126
26
0
215
7
68
0
25
11
140
21
26
0
105
7
169
126
26
0
218
7
68
0
26
11
165
21
26
0
69
7
194
126
26
0
182
7
68
0
27
11
190
21
26
0
73
7
219
126
26
0
186
7
68
0
28
11
215
21
26
0
78
7
244
126
26
0
190
7
68
0
29
11
240
21
26
0
82
7
13
127
26
0
194
7
68
0
30
11
9
22
26
0
101
7
38
127
26
0
214
7
68
0
31
11
34
22
26
0
99
7
63
127
26
0
211
7
68
0
32
11
59
22
26
0
100
7
88
127
26
0
212
7
68
0
33
11
84
22
26
0
102
7
113
127
26
0
213
7
68
0
34
11
109
22
26
0
69
7
138
127
26
0
181
7
68
0
35
11
134
22
26
0
128
7
163
127
26
0
240
7
68
0
36
11
159
22
26
0
78
7
188
127
26
0
189
7
68
0
37
11
184
22
26
0
83
7
213
127
26
0
194
7
68
0
38
11
209
22
26
0
102
7
238
127
26
0
213
7
68
0
39
11
234
22
26
0
99
7
7
128
26
0
210
7
68
0
40
11
3
23
26
0
100
7
32
128
26
0
211
7
68
0
41
11
28
23
26
0
102
7
57
128
26
0
212
7
68
0
42
11
53
23
26
0
71
7
82
128
26
0
181
7
68
0
43
11
78
23
26
0
74
7
107
128
26
0
185
7
68
0
44
11
103
23
26
0
78
7
132
128
26
0
188
7
68
0
45
11
128
23
26
0
83
7
157
128
26
0
193
7
68
0
46
11
153
23
26
0
102
7
182
128
26
0
212
7
68
0
47
11
178
23
26
0
90
7
207
128
26
0
200
7
68
0
48
11
203
23
26
0
101
7
232
128
26
0
211
7
68
0
49
11
228
23
26
0
102
7
1
129
26
0
211
7
68
0
50
11
253
23
26
0
104
7
26
129
26
0
213
7
68
0
51
11
22
24
26
0
74
7
51
129
26
0
184
7
68
0
52
11
47
24
26
0
78
7
76
129
26
0
186
7
68
0
53
11
72
24
26
0
82
7
101
129
26
0
191
7
68
0
54
11
97
24
26
0
103
7
126
129
26
0
212
7
68
0
55
11
122
24
26
0
104
7
151
129
26
0
211
7
68
0
56
11
147
24
26
0
104
7
176
129
26
0
213
7
68
0
57
11
172
24
26
0
102
7
201
129
26
0
209
7
68
0
58
11
197
24
26
0
104
7
226
129
26
0
211
7
68
0
59
11
222
24
26
0
75
7
251
129
26
0
182
7
68
0
60
11
247
24
26
0
79
7
20
130
26
0
186
7
68
0
61
11
16
25
26
0
83
7
45
130
26
0
190
7
68
0
62
11
41
25
26
0
103
7
70
130
26
0
209
7
68
0
63
11
66
25
26
0
101
7
95
130
26
0
207
7
68
0
64
11
91
25
26
0
101
7
120
130
26
0
208
7
68
0
65
11
116
25
26
0
118
7
145
130
26
0
225
7
68
0
66
11
141
25
26
0
107
7
170
130
26
0
213
7
68
0
67
11
166
25
26
0
75
7
195
130
26
0
181
7
68
0
68
11
191
25
26
0
78
7
220
130
26
0
184
7
68
0
69
11
216
25
26
0
82
7
245
130
26
0
188
7
68
0
70
11
241
25
26
0
101
7
14
131
26
0
206
7
68
0
71
11
10
26
26
0
137
7
39
131
26
0
242
7
68
0
72
11
35
26
26
0
110
7
64
131
26
0
216
7
68
0
73
11
60
26
26
0
101
7
89
131
26
0
206
7
68
0
74
11
85
26
26
0
69
7
114
131
26
0
174
7
68
0
75
11
110
26
26
0
74
7
139
131
26
0
179
7
68
0
76
11
135
26
26
0
78
7
164
131
26
0
182
7
68
0
77
11
160
26
26
0
136
7
189
131
26
0
241
7
68
0
78
11
185
26
26
0
107
7
214
131
26
0
211
7
68
0
79
11
210
26
26
0
102
7
239
131
26
0
206
7
68
0
80
11
235
26
26
0
103
7
8
132
26
0
207
7
68
0
81
11
4
27
26
0
103
7
33
132
26
0
207
7
68
0
82
11
29
27
26
0
104
7
58
132
26
0
207
7
68
0
83
11
54
27
26
0
76
7
83
132
26
0
179
7
68
0
84
11
79
27
26
0
78
7
108
132
26
0
181
7
68
0
85
11
104
27
26
0
81
7
133
132
26
0
184
7
68
0
86
11
129
27
26
0
103
7
158
132
26
0
206
7
68
0
87
11
154
27
26
0
104
7
183
132
26
0
207
7
68
0
88
11
179
27
26
0
103
7
208
132
26
0
205
7
68
0
89
11
204
27
26
0
103
7
233
132
26
0
205
7
68
0
90
11
229
27
26
0
69
7
2
133
26
0
171
7
68
0
91
11
254
27
26
0
73
7
27
133
26
0
175
7
68
0
92
11
23
28
26
0
78
7
52
133
26
0
179
7
68
0
93
11
48
28
26
0
82
7
77
133
26
0
183
7
68
0
94
11
73
28
26
0
103
7
102
133
26
0
204
7
68
0
95
11
98
28
26
0
101
7
127
133
26
0
202
7
68
0
96
11
123
28
26
0
98
7
152
133
26
0
199
7
68
0
97
11
148
28
26
0
102
7
177
133
26
0
202
7
68
0
98
11
173
28
26
0
69
7
202
133
26
0
170
7
68
0
99
11
198
28
26
0
73
7
227
133
26
0
174
7
68
0
100
11
223
28
26
0
78
7
252
133
26
0
178
7
68
0
101
11
248
28
26
0
137
7
21
134
26
0
237
7
68
0
102
11
17
29
26
0
107
7
46
134
26
0
207
7
68
0
103
11
42
29
26
0
98
7
71
134
26
0
198
7
68
0
104
11
67
29
26
0
99
7
96
134
26
0
199
7
68
0
105
11
92
29
26
0
101
7
121
134
26
0
200
7
68
0
106
11
117
29
26
0
71
7
146
134
26
0
171
7
68
0
107
11
142
29
26
0
127
7
171
134
26
0
226
7
68
0
108
11
167
29
26
0
77
7
196
134
26
0
176
7
68
0
109
11
192
29
26
0
82
7
221
134
26
0
181
7
68
0
110
11
217
29
26
0
101
7
246
134
26
0
198
7
68
0
111
11
242
29
26
0
104
7
15
135
26
0
203
7
68
0
112
11
11
30
26
0
102
7
40
135
26
0
201
7
68
0
113
11
36
30
26
0
104
7
65
135
26
0
202
7
68
0
114
11
61
30
26
0
70
7
90
135
26
0
167
7
68
0
115
11
86
30
26
0
73
7
115
135
26
0
170
7
68
0
116
11
111
30
26
0
77
7
140
135
26
0
174
7
68
0
117
11
136
30
26
0
82
7
165
135
26
0
179
7
68
0
118
11
161
30
26
0
104
7
190
135
26
0
200
7
68
0
119
11
186
30
26
0
104
7
215
135
26
0
201
7
68
0
120
11
211
30
26
0
100
7
240
135
26
0
198
7
68
0
121
11
236
30
26
0
104
7
9
136
26
0
200
7
68
0
122
11
5
31
26
0
70
7
34
136
26
0
166
7
68
0
123
11
30
31
26
0
73
7
59
136
26
0
169
7
68
0
124
11
55
31
26
0
77
7
84
136
26
0
173
7
68
0
125
11
80
31
26
0
81
7
109
136
26
0
177
7
68
0
126
11
105
31
26
0
102
7
134
136
26
0
197
7
68
0
127
11
130
31
26
0
99
7
159
136
26
0
195
7
68
0
128
11
155
31
26
0
100
7
184
136
26
0
196
7
68
0
129
11
180
31
26
0
101
7
209
136
26
0
196
7
68
0
130
11
205
31
26
0
70
7
234
136
26
0
165
7
68
0
131
11
230
31
26
0
129
7
3
137
26
0
223
7
68
0
132
11
255
31
26
0
78
7
28
137
26
0
173
7
68
0
133
11
24
32
26
0
82
7
53
137
26
0
177
7
68
0
134
11
49
32
26
0
102
7
78
137
26
0
196
7
68
0
135
11
74
32
26
0
100
7
103
137
26
0
194
7
68
0
136
11
99
32
26
0
100
7
128
137
26
0
195
7
68
0
137
11
124
32
26
0
101
7
153
137
26
0
195
7
68
0
138
11
149
32
26
0
71
7
178
137
26
0
165
7
68
0
139
11
174
32
26
0
75
7
203
137
26
0
168
7
68
0
140
11
199
32
26
0
78
7
228
137
26
0
171
7
68
0
141
11
224
32
26
0
82
7
253
137
26
0
175
7
68
0
142
11
249
32
26
0
101
7
22
138
26
0
193
7
68
0
143
11
18
33
26
0
91
7
47
138
26
0
184
7
68
0
144
11
43
33
26
0
101
7
72
138
26
0
193
7
68
0
145
11
68
33
26
0
102
7
97
138
26
0
194
7
68
0
146
11
93
33
26
0
103
7
122
138
26
0
195
7
68
0
147
11
118
33
26
0
75
7
147
138
26
0
166
7
68
0
148
11
143
33
26
0
79
7
172
138
26
0
170
7
68
0
149
11
168
33
26
0
82
7
197
138
26
0
174
7
68
0
150
11
193
33
26
0
102
7
222
138
26
0
193
7
68
0
151
11
218
33
26
0
104
7
247
138
26
0
195
7
68
0
152
11
243
33
26
0
105
7
16
139
26
0
195
7
68
0
153
11
12
34
26
0
102
7
41
139
26
0
193
7
68
0
154
11
37
34
26
0
103
7
66
139
26
0
194
7
68
0
155
11
62
34
26
0
75
7
91
139
26
0
165
7
68
0
156
11
87
34
26
0
80
7
116
139
26
0
170
7
68
0
157
11
112
34
26
0
83
7
141
139
26
0
174
7
68
0
158
11
137
34
26
0
102
7
166
139
26
0
192
7
68
0
159
11
162
34
26
0
100
7
191
139
26
0
190
7
68
0
160
11
187
34
26
0
102
7
216
139
26
0
191
7
68
0
161
11
212
34
26
0
118
7
241
139
26
0
208
7
68
0
162
11
237
34
26
0
107
7
10
140
26
0
197
7
68
0
163
11
6
35
26
0
74
7
35
140
26
0
163
7
68
0
164
11
31
35
26
0
79
7
60
140
26
0
168
7
68
0
165
11
56
35
26
0
83
7
85
140
26
0
172
7
68
0
166
11
81
35
26
0
101
7
110
140
26
0
190
7
68
0
167
11
106
35
26
0
136
7
135
140
26
0
225
7
68
0
168
11
131
35
26
0
111
7
160
140
26
0
198
7
68
0
169
11
156
35
26
0
102
7
185
140
26
0
189
7
68
0
170
11
181
35
26
0
69
7
210
140
26
0
157
7
68
0
171
11
206
35
26
0
73
7
235
140
26
0
161
7
68
0
172
11
231
35
26
0
78
7
4
141
26
0
165
7
68
0
173
11
0
36
26
0
137
7
29
141
26
0
224
7
68
0
174
11
25
36
26
0
107
7
54
141
26
0
194
7
68
0
175
11
50
36
26
0
101
7
79
141
26
0
188
7
68
0
176
11
75
36
26
0
102
7
104
141
26
0
188
7
68
0
177
11
100
36
26
0
104
7
129
141
26
0
190
7
68
0
178
11
125
36
26
0
104
7
154
141
26
0
191
7
68
0
179
11
150
36
26
0
75
7
179
141
26
0
161
7
68
0
180
11
175
36
26
0
77
7
204
141
26
0
163
7
68
0
181
11
200
36
26
0
82
7
229
141
26
0
168
7
68
0
182
11
225
36
26
0
103
7
254
141
26
0
189
7
68
0
183
11
250
36
26
0
104
7
23
142
26
0
190
7
68
0
184
11
19
37
26
0
102
7
48
142
26
0
187
7
68
0
185
11
44
37
26
0
104
7
73
142
26
0
189
7
68
0
186
11
69
37
26
0
70
7
98
142
26
0
155
7
68
0
187
11
94
37
26
0
73
7
123
142
26
0
158
7
68
0
188
11
119
37
26
0
77
7
148
142
26
0
162
7
68
0
189
11
144
37
26
0
82
7
173
142
26
0
166
7
68
0
190
11
169
37
26
0
104
7
198
142
26
0
188
7
68
0
191
11
194
37
26
0
101
7
223
142
26
0
186
7
68
0
192
11
219
37
26
0
97
7
248
142
26
0
181
7
68
0
193
11
244
37
26
0
102
7
17
143
26
0
186
7
68
0
194
11
13
38
26
0
70
7
42
143
26
0
154
7
68
0
195
11
38
38
26
0
73
7
67
143
26
0
156
7
68
0
196
11
63
38
26
0
77
7
92
143
26
0
160
7
68
0
197
11
88
38
26
0
136
7
117
143
26
0
218
7
68
0
198
11
113
38
26
0
108
7
142
143
26
0
191
7
68
0
199
11
138
38
26
0
98
7
167
143
26
0
181
7
68
0
200
11
163
38
26
0
99
7
192
143
26
0
181
7
68
0
201
11
188
38
26
0
100
7
217
143
26
0
182
7
68
0
202
11
213
38
26
0
72
7
242
143
26
0
154
7
68
0
203
11
238
38
26
0
128
7
11
144
26
0
209
7
68
0
204
11
7
39
26
0
77
7
36
144
26
0
159
7
68
0
205
11
32
39
26
0
81
7
61
144
26
0
162
7
68
0
206
11
57
39
26
0
101
7
86
144
26
0
182
7
68
0
207
11
82
39
26
0
105
7
111
144
26
0
186
7
68
0
208
11
107
39
26
0
102
7
136
144
26
0
183
7
68
0
209
11
132
39
26
0
103
7
161
144
26
0
184
7
68
0
210
11
157
39
26
0
70
7
186
144
26
0
151
7
68
0
211
11
182
39
26
0
74
7
211
144
26
0
154
7
68
0
212
11
207
39
26
0
77
7
236
144
26
0
158
7
68
0
213
11
232
39
26
0
81
7
5
145
26
0
161
7
68
0
214
11
1
40
26
0
103
7
30
145
26
0
183
7
68
0
215
11
26
40
26
0
105
7
55
145
26
0
185
7
68
0
216
11
51
40
26
0
100
7
80
145
26
0
180
7
68
0
217
11
76
40
26
0
104
7
105
145
26
0
184
7
68
0
218
11
101
40
26
0
69
7
130
145
26
0
149
7
68
0
219
11
126
40
26
0
74
7
155
145
26
0
153
7
68
0
220
11
151
40
26
0
78
7
180
145
26
0
157
7
68
0
221
11
176
40
26
0
81
7
205
145
26
0
160
7
68
0
222
11
201
40
26
0
101
7
230
145
26
0
179
7
68
0
223
11
226
40
26
0
100
7
255
145
26
0
178
7
68
0
224
11
251
40
26
0
101
7
24
146
26
0
178
7
68
0
225
11
20
41
26
0
101
7
49
146
26
0
179
7
68
0
226
11
45
41
26
0
69
7
74
146
26
0
146
7
68
0
227
11
70
41
26
0
129
7
99
146
26
0
207
7
68
0
228
11
95
41
26
0
79
7
124
146
26
0
156
7
68
0
229
11
120
41
26
0
82
7
149
146
26
0
160
7
68
0
230
11
145
41
26
0
101
7
174
146
26
0
179
7
68
0
231
11
170
41
26
0
99
7
199
146
26
0
176
7
68
0
232
11
195
41
26
0
101
7
224
146
26
0
177
7
68
0
233
11
220
41
26
0
101
7
249
146
26
0
178
7
68
0
234
11
245
41
26
0
70
7
18
147
26
0
146
7
68
0
235
11
14
42
26
0
74
7
43
147
26
0
150
7
68
0
236
11
39
42
26
0
79
7
68
147
26
0
155
7
68
0
237
11
64
42
26
0
82
7
93
147
26
0
158
7
68
0
238
11
89
42
26
0
101
7
118
147
26
0
177
7
68
0
239
11
114
42
26
0
90
7
143
147
26
0
166
7
68
0
240
11
139
42
26
0
102
7
168
147
26
0
177
7
68
0
241
11
164
42
26
0
103
7
193
147
26
0
178
7
68
0
242
11
189
42
26
0
103
7
218
147
26
0
178
7
68
0
243
11
214
42
26
0
74
7
243
147
26
0
149
7
68
0
244
11
239
42
26
0
79
7
12
148
26
0
154
7
68
0
245
11
8
43
26
0
83
7
37
148
26
0
157
7
68
0
246
11
33
43
26
0
102
7
62
148
26
0
177
7
68
0
247
11
58
43
26
0
103
7
87
148
26
0
178
7
68
0
248
11
83
43
26
0
105
7
112
148
26
0
179
7
68
0
249
11
108
43
26
0
103
7
137
148
26
0
177
7
68
0
250
11
133
43
26
0
103
7
162
148
26
0
177
7
68
0
251
11
158
43
26
0
74
7
187
148
26
0
147
7
68
0
252
11
183
43
26
0
79
7
212
148
26
0
153
7
68
0
253
11
208
43
26
0
84
7
237
148
26
0
157
7
68
0
254
11
233
43
26
0
102
7
6
149
26
0
176
7
68
0
255
11
2
44
26
0
100
7
31
149
26
0
173
7
68
0
0
12
27
44
26
0
101
7
56
149
26
0
173
7
68
0
1
12
52
44
26
0
119
7
81
149
26
0
192
7
68
0
2
12
77
44
26
0
108
7
106
149
26
0
179
7
68
0
3
12
102
44
26
0
74
7
131
149
26
0
146
7
68
0
4
12
127
44
26
0
78
7
156
149
26
0
150
7
68
0
5
12
152
44
26
0
83
7
181
149
26
0
154
7
68
0
6
12
177
44
26
0
102
7
206
149
26
0
173
7
68
0
7
12
202
44
26
0
136
7
231
149
26
0
208
7
68
0
8
12
227
44
26
0
110
7
0
150
26
0
181
7
68
0
9
12
252
44
26
0
102
7
25
150
26
0
174
7
68
0
10
12
21
45
26
0
70
7
50
150
26
0
140
7
68
0
11
12
46
45
26
0
73
7
75
150
26
0
144
7
68
0
12
12
71
45
26
0
77
7
100
150
26
0
148
7
68
0
13
12
96
45
26
0
136
7
125
150
26
0
206
7
68
0
14
12
121
45
26
0
108
7
150
150
26
0
178
7
68
0
15
12
146
45
26
0
101
7
175
150
26
0
171
7
68
0
16
12
171
45
26
0
102
7
200
150
26
0
172
7
68
0
17
12
196
45
26
0
103
7
225
150
26
0
173
7
68
0
18
12
221
45
26
0
105
7
250
150
26
0
174
7
68
0
19
12
246
45
26
0
76
7
19
151
26
0
145
7
68
0
20
12
15
46
26
0
77
7
44
151
26
0
147
7
68
0
21
12
40
46
26
0
81
7
69
151
26
0
150
7
68
0
22
12
65
46
26
0
104
7
94
151
26
0
173
7
68
0
23
12
90
46
26
0
105
7
119
151
26
0
173
7
68
0
24
12
115
46
26
0
102
7
144
151
26
0
171
7
68
0
25
12
140
46
26
0
103
7
169
151
26
0
171
7
68
0
26
12
165
46
26
0
70
7
194
151
26
0
138
7
68
0
27
12
190
46
26
0
74
7
219
151
26
0
141
7
68
0
28
12
215
46
26
0
77
7
244
151
26
0
145
7
68
0
29
12
240
46
26
0
81
7
13
152
26
0
148
7
68
0
30
12
9
47
26
0
103
7
38
152
26
0
170
7
68
0
31
12
34
47
26
0
102
7
63
152
26
0
168
7
68
0
32
12
59
47
26
0
97
7
88
152
26
0
164
7
68
0
33
12
84
47
26
0
101
7
113
152
26
0
168
7
68
0
34
12
109
47
26
0
69
7
138
152
26
0
135
7
68
0
35
12
134
47
26
0
74
7
163
152
26
0
140
7
68
0
36
12
159
47
26
0
77
7
188
152
26
0
144
7
68
0
37
12
184
47
26
0
136
7
213
152
26
0
202
7
68
0
38
12
209
47
26
0
107
7
238
152
26
0
173
7
68
0
39
12
234
47
26
0
99
7
7
153
26
0
164
7
68
0
40
12
3
48
26
0
100
7
32
153
26
0
165
7
68
0
41
12
28
48
26
0
100
7
57
153
26
0
166
7
68
0
42
12
53
48
26
0
71
7
82
153
26
0
136
7
68
0
43
12
78
48
26
0
128
7
107
153
26
0
193
7
68
0
44
12
103
48
26
0
78
7
132
153
26
0
143
7
68
0
45
12
128
48
26
0
81
7
157
153
26
0
146
7
68
0
46
12
153
48
26
0
100
7
182
153
26
0
165
7
68
0
47
12
178
48
26
0
105
7
207
153
26
0
169
7
68
0
48
12
203
48
26
0
103
7
232
153
26
0
167
7
68
0
49
12
228
48
26
0
103
7
1
154
26
0
168
7
68
0
50
12
253
48
26
0
69
7
26
154
26
0
132
7
68
0
51
12
22
49
26
0
73
7
51
154
26
0
137
7
68
0
52
12
47
49
26
0
78
7
76
154
26
0
141
7
68
0
53
12
72
49
26
0
81
7
101
154
26
0
145
7
68
0
54
12
97
49
26
0
103
7
126
154
26
0
167
7
68
0
55
12
122
49
26
0
104
7
151
154
26
0
167
7
68
0
56
12
147
49
26
0
101
7
176
154
26
0
163
7
68
0
57
12
172
49
26
0
105
7
201
154
26
0
167
7
68
0
58
12
197
49
26
0
69
7
226
154
26
0
131
7
68
0
59
12
222
49
26
0
73
7
251
154
26
0
135
7
68
0
60
12
247
49
26
0
78
7
20
155
26
0
139
7
68
0
61
12
16
50
26
0
82
7
45
155
26
0
144
7
68
0
62
12
41
50
26
0
101
7
70
155
26
0
163
7
68
0
63
12
66
50
26
0
99
7
95
155
26
0
160
7
68
0
64
12
91
50
26
0
101
7
120
155
26
0
162
7
68
0
65
12
116
50
26
0
102
7
145
155
26
0
163
7
68
0
66
12
141
50
26
0
69
7
170
155
26
0
130
7
68
0
67
12
166
50
26
0
128
7
195
155
26
0
189
7
68
0
68
12
191
50
26
0
78
7
220
155
26
0
138
7
68
0
69
12
216
50
26
0
83
7
245
155
26
0
143
7
68
0
70
12
241
50
26
0
101
7
14
156
26
0
162
7
68
0
71
12
10
51
26
0
99
7
39
156
26
0
159
7
68
0
72
12
35
51
26
0
100
7
64
156
26
0
160
7
68
0
73
12
60
51
26
0
102
7
89
156
26
0
162
7
68
0
74
12
85
51
26
0
71
7
114
156
26
0
130
7
68
0
75
12
110
51
26
0
74
7
139
156
26
0
134
7
68
0
76
12
135
51
26
0
78
7
164
156
26
0
137
7
68
0
77
12
160
51
26
0
83
7
189
156
26
0
142
7
68
0
78
12
185
51
26
0
102
7
214
156
26
0
161
7
68
0
79
12
210
51
26
0
90
7
239
156
26
0
149
7
68
0
80
12
235
51
26
0
101
7
8
157
26
0
159
7
68
0
81
12
4
52
26
0
103
7
33
157
26
0
161
7
68
0
82
12
29
52
26
0
104
7
58
157
26
0
161
7
68
0
83
12
54
52
26
0
74
7
83
157
26
0
132
7
68
0
84
12
79
52
26
0
78
7
108
157
26
0
136
7
68
0
85
12
104
52
26
0
82
7
133
157
26
0
140
7
68
0
86
12
129
52
26
0
103
7
158
157
26
0
161
7
68
0
87
12
154
52
26
0
103
7
183
157
26
0
160
7
68
0
88
12
179
52
26
0
104
7
208
157
26
0
161
7
68
0
89
12
204
52
26
0
102
7
233
157
26
0
159
7
68
0
90
12
229
52
26
0
104
7
2
158
26
0
161
7
68
0
91
12
254
52
26
0
74
7
27
158
26
0
131
7
68
0
92
12
23
53
26
0
79
7
52
158
26
0
135
7
68
0
93
12
48
53
26
0
83
7
77
158
26
0
139
7
68
0
94
12
73
53
26
0
103
7
102
158
26
0
159
7
68
0
95
12
98
53
26
0
101
7
127
158
26
0
156
7
68
0
96
12
123
53
26
0
101
7
152
158
26
0
157
7
68
0
97
12
148
53
26
0
118
7
177
158
26
0
173
7
68
0
98
12
173
53
26
0
108
7
202
158
26
0
163
7
68
0
99
12
198
53
26
0
75
7
227
158
26
0
130
7
68
0
100
12
223
53
26
0
78
7
252
158
26
0
133
7
68
0
101
12
248
53
26
0
82
7
21
159
26
0
137
7
68
0
102
12
17
54
26
0
101
7
46
159
26
0
156
7
68
0
103
12
42
54
26
0
137
7
71
159
26
0
191
7
68
0
104
12
67
54
26
0
110
7
96
159
26
0
165
7
68
0
105
12
92
54
26
0
101
7
121
159
26
0
155
7
68
0
106
12
117
54
26
0
69
7
146
159
26
0
123
7
68
0
107
12
142
54
26
0
74
7
171
159
26
0
128
7
68
0
108
12
167
54
26
0
77
7
196
159
26
0
131
7
68
0
109
12
192
54
26
0
136
7
221
159
26
0
189
7
68
0
110
12
217
54
26
0
107
7
246
159
26
0
161
7
68
0
111
12
242
54
26
0
102
7
15
160
26
0
154
7
68
0
112
12
11
55
26
0
103
7
40
160
26
0
155
7
68
0
113
12
36
55
26
0
103
7
65
160
26
0
155
7
68
0
114
12
61
55
26
0
104
7
90
160
26
0
156
7
68
0
115
12
86
55
26
0
76
7
115
160
26
0
128
7
68
0
116
12
111
55
26
0
78
7
140
160
26
0
129
7
68
0
117
12
136
55
26
0
81
7
165
160
26
0
133
7
68
0
118
12
161
55
26
0
103
7
190
160
26
0
155
7
68
0
119
12
186
55
26
0
105
7
215
160
26
0
156
7
68
0
120
12
211
55
26
0
103
7
240
160
26
0
154
7
68
0
121
12
236
55
26
0
103
7
9
161
26
0
154
7
68
0
122
12
5
56
26
0
69
7
34
161
26
0
120
7
68
0
123
12
30
56
26
0
73
7
59
161
26
0
124
7
68
0
124
12
55
56
26
0
78
7
84
161
26
0
128
7
68
0
125
12
80
56
26
0
81
7
109
161
26
0
132
7
68
0
126
12
105
56
26
0
103
7
134
161
26
0
153
7
68
0
127
12
130
56
26
0
101
7
159
161
26
0
151
7
68
0
128
12
155
56
26
0
98
7
184
161
26
0
148
7
68
0
129
12
180
56
26
0
102
7
209
161
26
0
151
7
68
0
130
12
205
56
26
0
69
7
234
161
26
0
119
7
68
0
131
12
230
56
26
0
73
7
3
162
26
0
123
7
68
0
132
12
255
56
26
0
78
7
28
162
26
0
127
7
68
0
133
12
24
57
26
0
137
7
53
162
26
0
186
7
68
0
134
12
49
57
26
0
107
7
78
162
26
0
156
7
68
0
135
12
74
57
26
0
98
7
103
162
26
0
147
7
68
0
136
12
99
57
26
0
100
7
128
162
26
0
148
7
68
0
137
12
124
57
26
0
101
7
153
162
26
0
149
7
68
0
138
12
149
57
26
0
71
7
178
162
26
0
120
7
68
0
139
12
174
57
26
0
127
7
203
162
26
0
175
7
68
0
140
12
199
57
26
0
77
7
228
162
26
0
124
7
68
0
141
12
224
57
26
0
82
7
253
162
26
0
129
7
68
0
142
12
249
57
26
0
100
7
22
163
26
0
147
7
68
0
143
12
18
58
26
0
104
7
47
163
26
0
151
7
68
0
144
12
43
58
26
0
102
7
72
163
26
0
149
7
68
0
145
12
68
58
26
0
104
7
97
163
26
0
151
7
68
0
146
12
93
58
26
0
69
7
122
163
26
0
116
7
68
0
147
12
118
58
26
0
73
7
147
163
26
0
120
7
68
0
148
12
143
58
26
0
77
7
172
163
26
0
123
7
68
0
149
12
168
58
26
0
82
7
197
163
26
0
129
7
68
0
150
12
193
58
26
0
104
7
222
163
26
0
149
7
68
0
151
12
218
58
26
0
104
7
247
163
26
0
150
7
68
0
152
12
243
58
26
0
100
7
16
164
26
0
146
7
68
0
153
12
12
59
26
0
105
7
41
164
26
0
150
7
68
0
154
12
37
59
26
0
70
7
66
164
26
0
115
7
68
0
155
12
62
59
26
0
73
7
91
164
26
0
119
7
68
0
156
12
87
59
26
0
77
7
116
164
26
0
122
7
68
0
157
12
112
59
26
0
82
7
141
164
26
0
127
7
68
0
158
12
137
59
26
0
102
7
166
164
26
0
146
7
68
0
159
12
162
59
26
0
99
7
191
164
26
0
144
7
68
0
160
12
187
59
26
0
100
7
216
164
26
0
145
7
68
0
161
12
212
59
26
0
101
7
241
164
26
0
145
7
68
0
162
12
237
59
26
0
70
7
10
165
26
0
114
7
68
0
163
12
6
60
26
0
128
7
35
165
26
0
173
7
68
0
164
12
31
60
26
0
78
7
60
165
26
0
122
7
68
0
165
12
56
60
26
0
82
7
85
165
26
0
125
7
68
0
166
12
81
60
26
0
102
7
110
165
26
0
145
7
68
0
167
12
106
60
26
0
100
7
135
165
26
0
142
7
68
0
168
12
131
60
26
0
100
7
160
165
26
0
144
7
68
0
169
12
156
60
26
0
101
7
185
165
26
0
143
7
68
0
170
12
181
60
26
0
71
7
210
165
26
0
113
7
68
0
171
12
206
60
26
0
75
7
235
165
26
0
116
7
68
0
172
12
231
60
26
0
78
7
4
166
26
0
121
7
68
0
173
12
0
61
26
0
82
7
29
166
26
0
124
7
68
0
174
12
25
61
26
0
102
7
54
166
26
0
143
7
68
0
175
12
50
61
26
0
91
7
79
166
26
0
132
7
68
0
176
12
75
61
26
0
101
7
104
166
26
0
143
7
68
0
177
12
100
61
26
0
102
7
129
166
26
0
143
7
68
0
178
12
125
61
26
0
103
7
154
166
26
0
144
7
68
0
179
12
150
61
26
0
75
7
179
166
26
0
115
7
68
0
180
12
175
61
26
0
78
7
204
166
26
0
119
7
68
0
181
12
200
61
26
0
82
7
229
166
26
0
123
7
68
0
182
12
225
61
26
0
102
7
254
166
26
0
142
7
68
0
183
12
250
61
26
0
104
7
23
167
26
0
144
7
68
0
184
12
19
62
26
0
105
7
48
167
26
0
145
7
68
0
185
12
44
62
26
0
102
7
73
167
26
0
142
7
68
0
186
12
69
62
26
0
103
7
98
167
26
0
143
7
68
0
187
12
94
62
26
0
75
7
123
167
26
0
114
7
68
0
188
12
119
62
26
0
80
7
148
167
26
0
119
7
68
0
189
12
144
62
26
0
83
7
173
167
26
0
123
7
68
0
190
12
169
62
26
0
102
7
198
167
26
0
141
7
68
0
191
12
194
62
26
0
101
7
223
167
26
0
140
7
68
0
192
12
219
62
26
0
102
7
248
167
26
0
141
7
68
0
193
12
244
62
26
0
118
7
17
168
26
0
157
7
68
0
194
12
13
63
26
0
107
7
42
168
26
0
146
7
68
0
195
12
38
63
26
0
74
7
67
168
26
0
111
7
68
0
196
12
63
63
26
0
79
7
92
168
26
0
116
7
68
0
197
12
88
63
26
0
82
7
117
168
26
0
121
7
68
0
198
12
113
63
26
0
101
7
142
168
26
0
138
7
68
0
199
12
138
63
26
0
136
7
167
168
26
0
173
7
68
0
200
12
163
63
26
0
111
7
192
168
26
0
147
7
68
0
201
12
188
63
26
0
101
7
217
168
26
0
138
7
68
0
202
12
213
63
26
0
69
7
242
168
26
0
106
7
68
0
203
12
238
63
26
0
73
7
11
169
26
0
109
7
68
0
204
12
7
64
26
0
78
7
36
169
26
0
114
7
68
0
205
12
32
64
26
0
137
7
61
169
26
0
173
7
68
0
206
12
57
64
26
0
107
7
86
169
26
0
143
7
68
0
207
12
82
64
26
0
101
7
111
169
26
0
137
7
