 68
0
44
48
103
180
54
0
77
7
129
29
55
0
100
3
68
0
45
48
128
180
54
0
137
7
154
29
55
0
158
3
68
0
46
48
153
180
54
0
96
7
179
29
55
0
118
3
68
0
47
48
178
180
54
0
96
7
204
29
55
0
118
3
68
0
48
48
203
180
54
0
61
7
229
29
55
0
82
3
68
0
49
48
228
180
54
0
66
7
254
29
55
0
87
3
68
0
50
48
253
180
54
0
71
7
23
30
55
0
91
3
68
0
51
48
22
181
54
0
126
7
48
30
55
0
147
3
68
0
52
48
47
181
54
0
79
7
73
30
55
0
99
3
68
0
53
48
72
181
54
0
83
7
98
30
55
0
103
3
68
0
54
48
97
181
54
0
100
7
123
30
55
0
120
3
68
0
55
48
122
181
54
0
100
7
148
30
55
0
120
3
68
0
56
48
147
181
54
0
101
7
173
30
55
0
121
3
68
0
57
48
172
181
54
0
102
7
198
30
55
0
121
3
68
0
58
48
197
181
54
0
72
7
223
30
55
0
91
3
68
0
59
48
222
181
54
0
76
7
248
30
55
0
95
3
68
0
60
48
247
181
54
0
79
7
17
31
55
0
98
3
68
0
61
48
16
182
54
0
83
7
42
31
55
0
102
3
68
0
62
48
41
182
54
0
97
7
67
31
55
0
115
3
68
0
63
48
66
182
54
0
135
7
92
31
55
0
153
3
68
0
64
48
91
182
54
0
105
7
117
31
55
0
124
3
68
0
65
48
116
182
54
0
99
7
142
31
55
0
117
3
68
0
66
48
141
182
54
0
104
7
167
31
55
0
122
3
68
0
67
48
166
182
54
0
75
7
192
31
55
0
92
3
68
0
68
48
191
182
54
0
78
7
217
31
55
0
96
3
68
0
69
48
216
182
54
0
82
7
242
31
55
0
99
3
68
0
70
48
241
182
54
0
103
7
11
32
55
0
120
3
68
0
71
48
10
183
54
0
104
7
36
32
55
0
121
3
68
0
72
48
35
183
54
0
95
7
61
32
55
0
112
3
68
0
73
48
60
183
54
0
99
7
86
32
55
0
116
3
68
0
74
48
85
183
54
0
70
7
111
32
55
0
86
3
68
0
75
48
110
183
54
0
127
7
136
32
55
0
142
3
68
0
76
48
135
183
54
0
79
7
161
32
55
0
95
3
68
0
77
48
160
183
54
0
83
7
186
32
55
0
98
3
68
0
78
48
185
183
54
0
99
7
211
32
55
0
114
3
68
0
79
48
210
183
54
0
101
7
236
32
55
0
115
3
68
0
80
48
235
183
54
0
101
7
5
33
55
0
117
3
68
0
81
48
4
184
54
0
118
7
30
33
55
0
134
3
68
0
82
48
29
184
54
0
71
7
55
33
55
0
85
3
68
0
83
48
54
184
54
0
74
7
80
33
55
0
88
3
68
0
84
48
79
184
54
0
78
7
105
33
55
0
91
3
68
0
85
48
104
184
54
0
82
7
130
33
55
0
96
3
68
0
86
48
129
184
54
0
108
7
155
33
55
0
122
3
68
0
87
48
154
184
54
0
137
7
180
33
55
0
150
3
68
0
88
48
179
184
54
0
96
7
205
33
55
0
109
3
68
0
89
48
204
184
54
0
102
7
230
33
55
0
115
3
68
0
90
48
229
184
54
0
103
7
255
33
55
0
116
3
68
0
91
48
254
184
54
0
75
7
24
34
55
0
88
3
68
0
92
48
23
185
54
0
79
7
49
34
55
0
91
3
68
0
93
48
48
185
54
0
83
7
74
34
55
0
96
3
68
0
94
48
73
185
54
0
100
7
99
34
55
0
112
3
68
0
95
48
98
185
54
0
96
7
124
34
55
0
108
3
68
0
96
48
123
185
54
0
103
7
149
34
55
0
115
3
68
0
97
48
148
185
54
0
67
7
174
34
55
0
79
3
68
0
98
48
173
185
54
0
71
7
199
34
55
0
83
3
68
0
99
48
198
185
54
0
75
7
224
34
55
0
86
3
68
0
100
48
223
185
54
0
78
7
249
34
55
0
89
3
68
0
101
48
248
185
54
0
81
7
18
35
55
0
92
3
68
0
102
48
17
186
54
0
94
7
43
35
55
0
104
3
68
0
103
48
42
186
54
0
104
7
68
35
55
0
114
3
68
0
104
48
67
186
54
0
103
7
93
35
55
0
112
3
68
0
105
48
92
186
54
0
119
7
118
35
55
0
129
3
68
0
106
48
117
186
54
0
69
7
143
35
55
0
79
3
68
0
107
48
142
186
54
0
73
7
168
35
55
0
82
3
68
0
108
48
167
186
54
0
79
7
193
35
55
0
88
3
68
0
109
48
192
186
54
0
84
7
218
35
55
0
92
3
68
0
110
48
217
186
54
0
106
7
243
35
55
0
115
3
68
0
111
48
242
186
54
0
134
7
12
36
55
0
142
3
68
0
112
48
11
187
54
0
97
7
37
36
55
0
105
3
68
0
113
48
36
187
54
0
101
7
62
36
55
0
109
3
68
0
114
48
61
187
54
0
71
7
87
36
55
0
79
3
68
0
115
48
86
187
54
0
75
7
112
36
55
0
83
3
68
0
116
48
111
187
54
0
80
7
137
36
55
0
87
3
68
0
117
48
136
187
54
0
84
7
162
36
55
0
91
3
68
0
118
48
161
187
54
0
94
7
187
36
55
0
102
3
68
0
119
48
186
187
54
0
101
7
212
36
55
0
108
3
68
0
120
48
211
187
54
0
100
7
237
36
55
0
107
3
68
0
121
48
236
187
54
0
104
7
6
37
55
0
110
3
68
0
122
48
5
188
54
0
104
7
31
37
55
0
111
3
68
0
123
48
30
188
54
0
75
7
56
37
55
0
82
3
68
0
124
48
55
188
54
0
77
7
81
37
55
0
83
3
68
0
125
48
80
188
54
0
82
7
106
37
55
0
88
3
68
0
126
48
105
188
54
0
103
7
131
37
55
0
109
3
68
0
127
48
130
188
54
0
104
7
156
37
55
0
110
3
68
0
128
48
155
188
54
0
102
7
181
37
55
0
108
3
68
0
129
48
180
188
54
0
108
7
206
37
55
0
113
3
68
0
130
48
205
188
54
0
69
7
231
37
55
0
75
3
68
0
131
48
230
188
54
0
73
7
0
38
55
0
77
3
68
0
132
48
255
188
54
0
77
7
25
38
55
0
82
3
68
0
133
48
24
189
54
0
82
7
50
38
55
0
86
3
68
0
134
48
49
189
54
0
98
7
75
38
55
0
101
3
68
0
135
48
74
189
54
0
104
7
100
38
55
0
108
3
68
0
136
48
99
189
54
0
107
7
125
38
55
0
110
3
68
0
137
48
124
189
54
0
66
7
150
38
55
0
69
3
68
0
138
48
149
189
54
0
125
7
175
38
55
0
127
3
68
0
139
48
174
189
54
0
112
7
200
38
55
0
115
3
68
0
140
48
199
189
54
0
79
7
225
38
55
0
82
3
68
0
141
48
224
189
54
0
84
7
250
38
55
0
86
3
68
0
142
48
249
189
54
0
98
7
19
39
55
0
100
3
68
0
143
48
18
190
54
0
101
7
44
39
55
0
103
3
68
0
144
48
43
190
54
0
99
7
69
39
55
0
101
3
68
0
145
48
68
190
54
0
101
7
94
39
55
0
103
3
68
0
146
48
93
190
54
0
72
7
119
39
55
0
73
3
68
0
147
48
118
190
54
0
109
7
144
39
55
0
111
3
68
0
148
48
143
190
54
0
77
7
169
39
55
0
78
3
68
0
149
48
168
190
54
0
81
7
194
39
55
0
82
3
68
0
150
48
193
190
54
0
108
7
219
39
55
0
109
3
68
0
151
48
218
190
54
0
98
7
244
39
55
0
99
3
68
0
152
48
243
190
54
0
109
7
13
40
55
0
110
3
68
0
153
48
12
191
54
0
103
7
38
40
55
0
103
3
68
0
154
48
37
191
54
0
70
7
63
40
55
0
70
3
68
0
155
48
62
191
54
0
107
7
88
40
55
0
108
3
68
0
156
48
87
191
54
0
78
7
113
40
55
0
78
3
68
0
157
48
112
191
54
0
82
7
138
40
55
0
82
3
68
0
158
48
137
191
54
0
105
7
163
40
55
0
104
3
68
0
159
48
162
191
54
0
92
7
188
40
55
0
91
3
68
0
160
48
187
191
54
0
102
7
213
40
55
0
101
3
68
0
161
48
212
191
54
0
103
7
238
40
55
0
101
3
68
0
162
48
237
191
54
0
105
7
7
41
55
0
103
3
68
0
163
48
6
192
54
0
76
7
32
41
55
0
73
3
68
0
164
48
31
192
54
0
79
7
57
41
55
0
78
3
68
0
165
48
56
192
54
0
83
7
82
41
55
0
80
3
68
0
166
48
81
192
54
0
101
7
107
41
55
0
98
3
68
0
167
48
106
192
54
0
105
7
132
41
55
0
102
3
68
0
168
48
131
192
54
0
102
7
157
41
55
0
99
3
68
0
169
48
156
192
54
0
100
7
182
41
55
0
97
3
68
0
170
48
181
192
54
0
72
7
207
41
55
0
68
3
68
0
171
48
206
192
54
0
128
7
232
41
55
0
124
3
68
0
172
48
231
192
54
0
77
7
1
42
55
0
74
3
68
0
173
48
0
193
54
0
81
7
26
42
55
0
77
3
68
0
174
48
25
193
54
0
94
7
51
42
55
0
90
3
68
0
175
48
50
193
54
0
102
7
76
42
55
0
97
3
68
0
176
48
75
193
54
0
99
7
101
42
55
0
95
3
68
0
177
48
100
193
54
0
119
7
126
42
55
0
115
3
68
0
178
48
125
193
54
0
69
7
151
42
55
0
64
3
68
0
179
48
150
193
54
0
108
7
176
42
55
0
103
3
68
0
180
48
175
193
54
0
78
7
201
42
55
0
73
3
68
0
181
48
200
193
54
0
83
7
226
42
55
0
78
3
68
0
182
48
225
193
54
0
106
7
251
42
55
0
101
3
68
0
183
48
250
193
54
0
90
7
20
43
55
0
84
3
68
0
184
48
19
194
54
0
98
7
45
43
55
0
91
3
68
0
185
48
44
194
54
0
104
7
70
43
55
0
98
3
68
0
186
48
69
194
54
0
69
7
95
43
55
0
63
3
68
0
187
48
94
194
54
0
108
7
120
43
55
0
102
3
68
0
188
48
119
194
54
0
79
7
145
43
55
0
72
3
68
0
189
48
144
194
54
0
83
7
170
43
55
0
76
3
68
0
190
48
169
194
54
0
100
7
195
43
55
0
92
3
68
0
191
48
194
194
54
0
105
7
220
43
55
0
97
3
68
0
192
48
219
194
54
0
103
7
245
43
55
0
96
3
68
0
193
48
244
194
54
0
103
7
14
44
55
0
96
3
68
0
194
48
13
195
54
0
104
7
39
44
55
0
96
3
68
0
195
48
38
195
54
0
110
7
64
44
55
0
102
3
68
0
196
48
63
195
54
0
79
7
89
44
55
0
70
3
68
0
197
48
88
195
54
0
82
7
114
44
55
0
73
3
68
0
198
48
113
195
54
0
104
7
139
44
55
0
95
3
68
0
199
48
138
195
54
0
102
7
164
44
55
0
93
3
68
0
200
48
163
195
54
0
108
7
189
44
55
0
98
3
68
0
201
48
188
195
54
0
108
7
214
44
55
0
99
3
68
0
202
48
213
195
54
0
70
7
239
44
55
0
60
3
68
0
203
48
238
195
54
0
75
7
8
45
55
0
65
3
68
0
204
48
7
196
54
0
78
7
33
45
55
0
68
3
68
0
205
48
32
196
54
0
82
7
58
45
55
0
72
3
68
0
206
48
57
196
54
0
101
7
83
45
55
0
91
3
68
0
207
48
82
196
54
0
136
7
108
45
55
0
125
3
68
0
208
48
107
196
54
0
111
7
133
45
55
0
100
3
68
0
209
48
132
196
54
0
106
7
158
45
55
0
95
3
68
0
210
48
157
196
54
0
69
7
183
45
55
0
58
3
68
0
211
48
182
196
54
0
73
7
208
45
55
0
62
3
68
0
212
48
207
196
54
0
79
7
233
45
55
0
67
3
68
0
213
48
232
196
54
0
84
7
2
46
55
0
72
3
68
0
214
48
1
197
54
0
107
7
27
46
55
0
96
3
68
0
215
48
26
197
54
0
95
7
52
46
55
0
83
3
68
0
216
48
51
197
54
0
100
7
77
46
55
0
88
3
68
0
217
48
76
197
54
0
104
7
102
46
55
0
91
3
68
0
218
48
101
197
54
0
104
7
127
46
55
0
91
3
68
0
219
48
126
197
54
0
109
7
152
46
55
0
97
3
68
0
220
48
151
197
54
0
78
7
177
46
55
0
64
3
68
0
221
48
176
197
54
0
82
7
202
46
55
0
68
3
68
0
222
48
201
197
54
0
103
7
227
46
55
0
90
3
68
0
223
48
226
197
54
0
104
7
252
46
55
0
90
3
68
0
224
48
251
197
54
0
102
7
21
47
55
0
88
3
68
0
225
48
20
198
54
0
108
7
46
47
55
0
93
3
68
0
226
48
45
198
54
0
69
7
71
47
55
0
55
3
68
0
227
48
70
198
54
0
107
7
96
47
55
0
92
3
68
0
228
48
95
198
54
0
78
7
121
47
55
0
63
3
68
0
229
48
120
198
54
0
83
7
146
47
55
0
68
3
68
0
230
48
145
198
54
0
104
7
171
47
55
0
89
3
68
0
231
48
170
198
54
0
91
7
196
47
55
0
76
3
68
0
232
48
195
198
54
0
102
7
221
47
55
0
86
3
68
0
233
48
220
198
54
0
101
7
246
47
55
0
85
3
68
0
234
48
245
198
54
0
72
7
15
48
55
0
55
3
68
0
235
48
14
199
54
0
73
7
40
48
55
0
57
3
68
0
236
48
39
199
54
0
78
7
65
48
55
0
62
3
68
0
237
48
64
199
54
0
84
7
90
48
55
0
67
3
68
0
238
48
89
199
54
0
108
7
115
48
55
0
91
3
68
0
239
48
114
199
54
0
105
7
140
48
55
0
88
3
68
0
240
48
139
199
54
0
106
7
165
48
55
0
89
3
68
0
241
48
164
199
54
0
68
7
190
48
55
0
51
3
68
0
242
48
189
199
54
0
109
7
215
48
55
0
91
3
68
0
243
48
214
199
54
0
109
7
240
48
55
0
92
3
68
0
244
48
239
199
54
0
77
7
9
49
55
0
59
3
68
0
245
48
8
200
54
0
83
7
34
49
55
0
65
3
68
0
246
48
33
200
54
0
106
7
59
49
55
0
87
3
68
0
247
48
58
200
54
0
106
7
84
49
55
0
87
3
68
0
248
48
83
200
54
0
97
7
109
49
55
0
79
3
68
0
249
48
108
200
54
0
120
7
134
49
55
0
100
3
68
0
250
48
133
200
54
0
113
7
159
49
55
0
93
3
68
0
251
48
158
200
54
0
73
7
184
49
55
0
54
3
68
0
252
48
183
200
54
0
77
7
209
49
55
0
58
3
68
0
253
48
208
200
54
0
81
7
234
49
55
0
61
3
68
0
254
48
233
200
54
0
104
7
3
50
55
0
83
3
68
0
255
48
2
201
54
0
104
7
28
50
55
0
84
3
68
0
0
49
27
201
54
0
107
7
53
50
55
0
87
3
68
0
1
49
52
201
54
0
105
7
78
50
55
0
84
3
68
0
2
49
77
201
54
0
107
7
103
50
55
0
86
3
68
0
3
49
102
201
54
0
108
7
128
50
55
0
86
3
68
0
4
49
127
201
54
0
78
7
153
50
55
0
57
3
68
0
5
49
152
201
54
0
83
7
178
50
55
0
62
3
68
0
6
49
177
201
54
0
108
7
203
50
55
0
86
3
68
0
7
49
202
201
54
0
102
7
228
50
55
0
80
3
68
0
8
49
227
201
54
0
102
7
253
50
55
0
80
3
68
0
9
49
252
201
54
0
100
7
22
51
55
0
78
3
68
0
10
49
21
202
54
0
109
7
47
51
55
0
86
3
68
0
11
49
46
202
54
0
110
7
72
51
55
0
87
3
68
0
12
49
71
202
54
0
78
7
97
51
55
0
56
3
68
0
13
49
96
202
54
0
83
7
122
51
55
0
60
3
68
0
14
49
121
202
54
0
100
7
147
51
55
0
77
3
68
0
15
49
146
202
54
0
108
7
172
51
55
0
84
3
68
0
16
49
171
202
54
0
108
7
197
51
55
0
84
3
68
0
17
49
196
202
54
0
109
7
222
51
55
0
86
3
68
0
18
49
221
202
54
0
105
7
247
51
55
0
80
3
68
0
19
49
246
202
54
0
74
7
16
52
55
0
50
3
68
0
20
49
15
203
54
0
78
7
41
52
55
0
53
3
68
0
21
49
40
203
54
0
82
7
66
52
55
0
57
3
68
0
22
49
65
203
54
0
101
7
91
52
55
0
76
3
68
0
23
49
90
203
54
0
92
7
116
52
55
0
66
3
68
0
24
49
115
203
54
0
106
7
141
52
55
0
82
3
68
0
25
49
140
203
54
0
107
7
166
52
55
0
81
3
68
0
26
49
165
203
54
0
71
7
191
52
55
0
45
3
68
0
27
49
190
203
54
0
76
7
216
52
55
0
50
3
68
0
28
49
215
203
54
0
77
7
241
52
55
0
51
3
68
0
29
49
240
203
54
0
81
7
10
53
55
0
55
3
68
0
30
49
9
204
54
0
101
7
35
53
55
0
74
3
68
0
31
49
34
204
54
0
103
7
60
53
55
0
76
3
68
0
32
49
59
204
54
0
104
7
85
53
55
0
77
3
68
0
33
49
84
204
54
0
104
7
110
53
55
0
77
3
68
0
34
49
109
204
54
0
109
7
135
53
55
0
82
3
68
0
35
49
134
204
54
0
74
7
160
53
55
0
46
3
68
0
36
49
159
204
54
0
79
7
185
53
55
0
51
3
68
0
37
49
184
204
54
0
82
7
210
53
55
0
55
3
68
0
38
49
209
204
54
0
104
7
235
53
55
0
76
3
68
0
39
49
234
204
54
0
112
7
4
54
55
0
84
3
68
0
40
49
3
205
54
0
106
7
29
54
55
0
77
3
68
0
41
49
28
205
54
0
109
7
54
54
55
0
81
3
68
0
42
49
53
205
54
0
71
7
79
54
55
0
42
3
68
0
43
49
78
205
54
0
74
7
104
54
55
0
45
3
68
0
44
49
103
205
54
0
78
7
129
54
55
0
49
3
68
0
45
49
128
205
54
0
81
7
154
54
55
0
52
3
68
0
46
49
153
205
54
0
100
7
179
54
55
0
71
3
68
0
47
49
178
205
54
0
108
7
204
54
55
0
77
3
68
0
48
49
203
205
54
0
108
7
229
54
55
0
78
3
68
0
49
49
228
205
54
0
65
7
254
54
55
0
35
3
68
0
50
49
253
205
54
0
106
7
23
55
55
0
76
3
68
0
51
49
22
206
54
0
107
7
48
55
55
0
76
3
68
0
52
49
47
206
54
0
79
7
73
55
55
0
47
3
68
0
53
49
72
206
54
0
134
7
98
55
55
0
103
3
68
0
54
49
97
206
54
0
108
7
123
55
55
0
77
3
68
0
55
49
122
206
54
0
106
7
148
55
55
0
74
3
68
0
56
49
147
206
54
0
108
7
173
55
55
0
76
3
68
0
57
49
172
206
54
0
106
7
198
55
55
0
73
3
68
0
58
49
197
206
54
0
109
7
223
55
55
0
77
3
68
0
59
49
222
206
54
0
107
7
248
55
55
0
75
3
68
0
60
49
247
206
54
0
79
7
17
56
55
0
46
3
68
0
61
49
16
207
54
0
83
7
42
56
55
0
50
3
68
0
62
49
41
207
54
0
104
7
67
56
55
0
71
3
68
0
63
49
66
207
54
0
102
7
92
56
55
0
69
3
68
0
64
49
91
207
54
0
104
7
117
56
55
0
71
3
68
0
65
49
116
207
54
0
105
7
142
56
55
0
71
3
68
0
66
49
141
207
54
0
107
7
167
56
55
0
74
3
68
0
67
49
166
207
54
0
75
7
192
56
55
0
41
3
68
0
68
49
191
207
54
0
80
7
217
56
55
0
46
3
68
0
69
49
216
207
54
0
84
7
242
56
55
0
50
3
68
0
70
49
241
207
54
0
102
7
11
57
55
0
68
3
68
0
71
49
10
208
54
0
103
7
36
57
55
0
69
3
68
0
72
49
35
208
54
0
102
7
61
57
55
0
67
3
68
0
73
49
60
208
54
0
104
7
86
57
55
0
69
3
68
0
74
49
85
208
54
0
105
7
111
57
55
0
69
3
68
0
75
49
110
208
54
0
73
7
136
57
55
0
37
3
68
0
76
49
135
208
54
0
77
7
161
57
55
0
42
3
68
0
77
49
160
208
54
0
137
7
186
57
55
0
101
3
68
0
78
49
185
208
54
0
107
7
211
57
55
0
72
3
68
0
79
49
210
208
54
0
105
7
236
57
55
0
68
3
68
0
80
49
235
208
54
0
106
7
5
58
55
0
69
3
68
0
81
49
4
209
54
0
108
7
30
58
55
0
72
3
68
0
82
49
29
209
54
0
72
7
55
58
55
0
34
3
68
0
83
49
54
209
54
0
109
7
80
58
55
0
73
3
68
0
84
49
79
209
54
0
78
7
105
58
55
0
41
3
68
0
85
49
104
209
54
0
83
7
130
58
55
0
45
3
68
0
86
49
129
209
54
0
102
7
155
58
55
0
64
3
68
0
87
49
154
209
54
0
99
7
180
58
55
0
61
3
68
0
88
49
179
209
54
0
100
7
205
58
55
0
62
3
68
0
89
49
204
209
54
0
102
7
230
58
55
0
63
3
68
0
90
49
229
209
54
0
108
7
255
58
55
0
69
3
68
0
91
49
254
209
54
0
75
7
24
59
55
0
37
3
68
0
92
49
23
210
54
0
79
7
49
59
55
0
40
3
68
0
93
49
48
210
54
0
84
7
74
59
55
0
45
3
68
0
94
49
73
210
54
0
103
7
99
59
55
0
63
3
68
0
95
49
98
210
54
0
103
7
124
59
55
0
64
3
68
0
96
49
123
210
54
0
102
7
149
59
55
0
63
3
68
0
97
49
148
210
54
0
103
7
174
59
55
0
63
3
68
0
98
49
173
210
54
0
105
7
199
59
55
0
65
3
68
0
99
49
198
210
54
0
75
7
224
59
55
0
35
3
68
0
100
49
223
210
54
0
77
7
249
59
55
0
36
3
68
0
101
49
248
210
54
0
81
7
18
60
55
0
41
3
68
0
102
49
17
211
54
0
102
7
43
60
55
0
61
3
68
0
103
49
42
211
54
0
102
7
68
60
55
0
62
3
68
0
104
49
67
211
54
0
103
7
93
60
55
0
62
3
68
0
105
49
92
211
54
0
104
7
118
60
55
0
63
3
68
0
106
49
117
211
54
0
70
7
143
60
55
0
29
3
68
0
107
49
142
211
54
0
129
7
168
60
55
0
86
3
68
0
108
49
167
211
54
0
78
7
193
60
55
0
36
3
68
0
109
49
192
211
54
0
83
7
218
60
55
0
40
3
68
0
110
49
217
211
54
0
100
7
243
60
55
0
58
3
68
0
111
49
242
211
54
0
101
7
12
61
55
0
57
3
68
0
112
49
11
212
54
0
101
7
37
61
55
0
59
3
68
0
113
49
36
212
54
0
118
7
62
61
55
0
75
3
68
0
114
49
61
212
54
0
108
7
87
61
55
0
64
3
68
0
115
49
86
212
54
0
75
7
112
61
55
0
31
3
68
0
116
49
111
212
54
0
78
7
137
61
55
0
34
3
68
0
117
49
136
212
54
0
82
7
162
61
55
0
38
3
68
0
118
49
161
212
54
0
109
7
187
61
55
0
65
3
68
0
119
49
186
212
54
0
137
7
212
61
55
0
92
3
68
0
120
49
211
212
54
0
110
7
237
61
55
0
66
3
68
0
121
49
236
212
54
0
101
7
6
62
55
0
56
3
68
0
122
49
5
213
54
0
69
7
31
62
55
0
24
3
68
0
123
49
30
213
54
0
74
7
56
62
55
0
29
3
68
0
124
49
55
213
54
0
77
7
81
62
55
0
32
3
68
0
125
49
80
213
54
0
81
7
106
62
55
0
36
3
68
0
126
49
105
213
54
0
105
7
131
62
55
0
59
3
68
0
127
49
130
213
54
0
107
7
156
62
55
0
61
3
68
0
128
49
155
213
54
0
100
7
181
62
55
0
55
3
68
0
129
49
180
213
54
0
104
7
206
62
55
0
58
3
68
0
130
49
205
213
54
0
109
7
231
62
55
0
63
3
68
0
131
49
230
213
54
0
74
7
0
63
55
0
27
3
68
0
132
49
255
213
54
0
79
7
25
63
55
0
31
3
68
0
133
49
24
214
54
0
82
7
50
63
55
0
35
3
68
0
134
49
49
214
54
0
104
7
75
63
55
0
57
3
68
0
135
49
74
214
54
0
103
7
100
63
55
0
56
3
68
0
136
49
99
214
54
0
104
7
125
63
55
0
56
3
68
0
137
49
124
214
54
0
104
7
150
63
55
0
56
3
68
0
138
49
149
214
54
0
70
7
175
63
55
0
22
3
68
0
139
49
174
214
54
0
75
7
200
63
55
0
26
3
68
0
140
49
199
214
54
0
79
7
225
63
55
0
30
3
68
0
141
49
224
214
54
0
82
7
250
63
55
0
33
3
68
0
142
49
249
214
54
0
101
7
19
64
55
0
52
3
68
0
143
49
18
215
54
0
137
7
44
64
55
0
87
3
68
0
144
49
43
215
54
0
111
7
69
64
55
0
61
3
68
0
145
49
68
215
54
0
105
7
94
64
55
0
56
3
68
0
146
49
93
215
54
0
106
7
119
64
55
0
56
3
68
0
147
49
118
215
54
0
74
7
144
64
55
0
24
3
68
0
148
49
143
215
54
0
78
7
169
64
55
0
27
3
68
0
149
49
168
215
54
0
136
7
194
64
55
0
86
3
68
0
150
49
193
215
54
0
107
7
219
64
55
0
57
3
68
0
151
49
218
215
54
0
105
7
244
64
55
0
54
3
68
0
152
49
243
215
54
0
107
7
13
65
55
0
56
3
68
0
153
49
12
216
54
0
67
7
38
65
55
0
16
3
68
0
154
49
37
216
54
0
71
7
63
65
55
0
20
3
68
0
155
49
62
216
54
0
75
7
88
65
55
0
24
3
68
0
156
49
87
216
54
0
78
7
113
65
55
0
26
3
68
0
157
49
112
216
54
0
81
7
138
65
55
0
30
3
68
0
158
49
137
216
54
0
103
7
163
65
55
0
50
3
68
0
159
49
162
216
54
0
104
7
188
65
55
0
52
3
68
0
160
49
187
216
54
0
103
7
213
65
55
0
50
3
68
0
161
49
212
216
54
0
104
7
238
65
55
0
50
3
68
0
162
49
237
216
54
0
69
7
7
66
55
0
16
3
68
0
163
49
6
217
54
0
73
7
32
66
55
0
19
3
68
0
164
49
31
217
54
0
78
7
57
66
55
0
24
3
68
0
165
49
56
217
54
0
82
7
82
66
55
0
28
3
68
0
166
49
81
217
54
0
103
7
107
66
55
0
49
3
68
0
167
49
106
217
54
0
104
7
132
66
55
0
50
3
68
0
168
49
131
217
54
0
101
7
157
66
55
0
46
3
68
0
169
49
156
217
54
0
105
7
182
66
55
0
50
3
68
0
170
49
181
217
54
0
69
7
207
66
55
0
15
3
68
0
171
49
206
217
54
0
73
7
232
66
55
0
18
3
68
0
172
49
231
217
54
0
77
7
1
67
55
0
22
3
68
0
173
49
0
218
54
0
137
7
26
67
55
0
81
3
68
0
174
49
25
218
54
0
107
7
51
67
55
0
52
3
68
0
175
49
50
218
54
0
98
7
76
67
55
0
42
3
68
0
176
49
75
218
54
0
106
7
101
67
55
0
50
3
68
0
177
49
100
218
54
0
68
7
126
67
55
0
12
3
68
0
178
49
125
218
54
0
71
7
151
67
55
0
15
3
68
0
179
49
150
218
54
0
127
7
176
67
55
0
71
3
68
0
180
49
175
218
54
0
77
7
201
67
55
0
20
3
68
0
181
49
200
218
54
0
82
7
226
67
55
0
25
3
68
0
182
49
225
218
54
0
107
7
251
67
55
0
51
3
68
0
183
49
250
218
54
0
98
7
20
68
55
0
41
3
68
0
184
49
19
219
54
0
99
7
45
68
55
0
42
3
68
0
185
49
44
219
54
0
120
7
70
68
55
0
62
3
68
0
186
49
69
219
54
0
112
7
95
68
55
0
54
3
68
0
187
49
94
219
54
0
75
7
120
68
55
0
18
3
68
0
188
49
119
219
54
0
79
7
145
68
55
0
21
3
68
0
189
49
144
219
54
0
84
7
170
68
55
0
26
3
68
0
190
49
169
219
54
0
103
7
195
68
55
0
43
3
68
0
191
49
194
219
54
0
103
7
220
68
55
0
44
3
68
0
192
49
219
219
54
0
102
7
245
68
55
0
43
3
68
0
193
49
244
219
54
0
104
7
14
69
55
0
44
3
68
0
194
49
13
220
54
0
105
7
39
69
55
0
45
3
68
0
195
49
38
220
54
0
75
7
64
69
55
0
15
3
68
0
196
49
63
220
54
0
79
7
89
69
55
0
20
3
68
0
197
49
88
220
54
0
84
7
114
69
55
0
24
3
68
0
198
49
113
220
54
0
101
7
139
69
55
0
40
3
68
0
199
49
138
220
54
0
104
7
164
69
55
0
44
3
68
0
200
49
163
220
54
0
102
7
189
69
55
0
41
3
68
0
201
49
188
220
54
0
103
7
214
69
55
0
42
3
68
0
202
49
213
220
54
0
72
7
239
69
55
0
11
3
68
0
203
49
238
220
54
0
127
7
8
70
55
0
66
3
68
0
204
49
7
221
54
0
77
7
33
70
55
0
16
3
68
0
205
49
32
221
54
0
81
7
58
70
55
0
19
3
68
0
206
49
57
221
54
0
101
7
83
70
55
0
39
3
68
0
207
49
82
221
54
0
101
7
108
70
55
0
39
3
68
0
208
49
107
221
54
0
109
7
133
70
55
0
47
3
68
0
209
49
132
221
54
0
119
7
158
70
55
0
57
3
68
0
210
49
157
221
54
0
106
7
183
70
55
0
43
3
68
0
211
49
182
221
54
0
76
7
208
70
55
0
13
3
68
0
212
49
207
221
54
0
79
7
233
70
55
0
16
3
68
0
213
49
232
221
54
0
83
7
2
71
55
0
20
3
68
0
214
49
1
222
54
0
100
7
27
71
55
0
37
3
68
0
215
49
26
222
54
0
138
7
52
71
55
0
73
3
68
0
216
49
51
222
54
0
108
7
77
71
55
0
45
3
68
0
217
49
76
222
54
0
99
7
102
71
55
0
35
3
68
0
218
49
101
222
54
0
104
7
127
71
55
0
40
3
68
0
219
49
126
222
54
0
75
7
152
71
55
0
10
3
68
0
220
49
151
222
54
0
78
7
177
71
55
0
14
3
68
0
221
49
176
222
54
0
82
7
202
71
55
0
17
3
68
0
222
49
201
222
54
0
103
7
227
71
55
0
37
3
68
0
223
49
226
222
54
0
104
7
252
71
55
0
39
3
68
0
224
49
251
222
54
0
104
7
21
72
55
0
39
3
68
0
225
49
20
223
54
0
102
7
46
72
55
0
36
3
68
0
226
49
45
223
54
0
103
7
71
72
55
0
38
3
68
0
227
49
70
223
54
0
75
7
96
72
55
0
8
3
68
0
228
49
95
223
54
0
79
7
121
72
55
0
13
3
68
0
229
49
120
223
54
0
83
7
146
72
55
0
17
3
68
0
230
49
145
223
54
0
102
7
171
72
55
0
35
3
68
0
231
49
170
223
54
0
104
7
196
72
55
0
37
3
68
0
232
49
195
223
54
0
104
7
221
72
55
0
37
3
68
0
233
49
220
223
54
0
102
7
246
72
55
0
35
3
68
0
234
49
245
223
54
0
71
7
15
73
55
0
4
3
68
0
235
49
14
224
54
0
76
7
40
73
55
0
8
3
68
0
236
49
39
224
54
0
80
7
65
73
55
0
12
3
68
0
237
49
64
224
54
0
81
7
90
73
55
0
13
3
68
0
238
49
89
224
54
0
100
7
115
73
55
0
32
3
68
0
239
49
114
224
54
0
109
7
140
73
55
0
41
3
68
0
240
49
139
224
54
0
108
7
165
73
55
0
39
3
68
0
241
49
164
224
54
0
65
7
190
73
55
0
253
2
68
0
242
49
189
224
54
0
124
7
215
73
55
0
55
3
68
0
243
49
214
224
54
0
113
7
240
73
55
0
44
3
68
0
244
49
239
224
54
0
80
7
9
74
55
0
9
3
68
0
245
49
8
225
54
0
81
7
34
74
55
0
12
3
68
0
246
49
33
225
54
0
98
7
59
74
55
0
28
3
68
0
247
49
58
225
54
0
100
7
84
74
55
0
30
3
68
0
248
49
83
225
54
0
101
7
109
74
55
0
30
3
68
0
249
49
108
225
54
0
101
7
134
74
55
0
30
3
68
0
250
49
133
225
54
0
69
7
159
74
55
0
254
2
68
0
251
49
158
225
54
0
107
7
184
74
55
0
36
3
68
0
252
49
183
225
54
0
79
7
209
74
55
0
7
3
68
0
253
49
208
225
54
0
82
7
234
74
55
0
11
3
68
0
254
49
233
225
54
0
104
7
3
75
55
0
32
3
68
0
255
49
2
226
54
0
102
7
28
75
55
0
30
3
68
0
0
50
27
226
54
0
104
7
53
75
55
0
33
3
68
0
1
50
52
226
54
0
104
7
78
75
55
0
32
3
68
0
2
50
77
226
54
0
70
7
103
75
55
0
254
2
68
0
3
50
102
226
54
0
74
7
128
75
55
0
1
3
68
0
4
50
127
226
54
0
79
7
153
75
55
0
6
3
68
0
5
50
152
226
54
0
83
7
178
75
55
0
10
3
