3226.776889625 3211.832910500
3226.790773500 3211.846794250
3226.804661500 3211.860682375
3226.818549500 3211.874570375
3226.832439375 3211.888460375
3226.846327000 3211.902347875
3226.860214625 3211.916235500
3226.874101750 3211.930122750
3226.887985500 3211.944006500
3226.901873375 3211.957894500
3226.915761375 3211.971782375
3226.929649375 3211.985670375
3226.943538875 3211.999560000
3226.957431000 3212.013452250
3226.971314750 3212.027336000
3226.985201125 3212.041222375
3226.999085000 3212.055106375
3227.012973000 3212.068994375
3227.026861000 3212.082882250
3227.040755375 3212.096776750
3227.054639750 3212.110661125
3227.068526000 3212.124547500
3227.082413625 3212.138435000
3227.096301250 3212.152322625
3227.110184750 3212.166206250
3227.124079625 3212.180101125
3227.137964875 3212.193986375
3227.151848625 3212.207870125
3227.165738750 3212.221760375
3227.179626500 3212.235648125
3227.193513750 3212.249535250
3227.207401250 3212.263422875
3227.221284500 3212.277306125
3227.235172500 3212.291194250
3227.249060500 3212.305082125
3227.262948500 3212.318970125
3227.276838625 3212.332860375
3227.290726250 3212.346748125
3227.304613250 3212.360635125
3227.318501250 3212.374523000
3227.332384375 3212.388406125
3227.346272250 3212.402294250
3227.360160250 3212.416182250
3227.374055000 3212.430077000
3227.387938875 3212.443960875
3227.401825250 3212.457847375
3227.415712875 3212.471735000
3227.429600500 3212.485622500
3227.443484250 3212.499506375
3227.457378875 3212.513401000
3227.471260000 3212.527282250
3227.485148000 3212.541170125
3227.499037875 3212.555060000
3227.512925375 3212.568947625
3227.526812750 3212.582835000
3227.540702625 3212.596724875
3227.554589125 3212.610611375
3227.568472000 3212.624494375
3227.582360125 3212.638382500
3227.596248125 3212.652270375
3227.610137875 3212.666160250
3227.624025500 3212.680047875
3227.637912875 3212.693935375
3227.651800500 3212.707822875
3227.665688125 3212.721710500
3227.679571875 3212.735594375
3227.693459875 3212.749482500
3227.707347875 3212.763370500
3227.721237375 3212.777260000
3227.735125250 3212.791148000
3227.749012625 3212.805035375
3227.762900250 3212.818923000
3227.776783750 3212.832806375
3227.790678125 3212.846700875
3227.804559375 3212.860582250
3227.818447375 3212.874470250
3227.832337250 3212.888360000
3227.846224750 3212.902247625
3227.860112125 3212.916135000
3227.874002000 3212.930025000
3227.887888125 3212.943911000
3227.901771375 3212.957794375
3227.915659375 3212.971682375
3227.929547500 3212.985570500
3227.943436875 3212.999459875
3227.957329125 3213.013352125
3227.971212875 3213.027236000
3227.985099375 3213.041122500
3227.998987375 3213.055010375
3228.012871125 3213.068894250
3228.026759125 3213.082782250
3228.040647125 3213.096670375
3228.054537125 3213.110560375
3228.068424750 3213.124447875
3228.082312250 3213.138335500
3228.096199625 3213.152222875
3228.110087000 3213.166110500
3228.123970875 3213.179994250
3228.137858875 3213.193882375
3228.151747125 3213.207770500
3228.165636875 3213.221660375
3228.179524375 3213.235547875
3228.193412000 3213.249435500
3228.207299250 3213.263322875
3228.221182875 3213.277206500
3228.235070875 3213.291094375
3228.248958750 3213.304982375
3228.262846875 3213.318870500
3228.276736250 3213.332760000
3228.290628500 3213.346652125
3228.304512250 3213.360536000
3228.318398625 3213.374422375
3228.332282625 3213.388306375
3228.346170500 3213.402194250
3228.360058500 3213.416082250
3228.373952875 3213.429976750
3228.387837250 3213.443861125
3228.401723625 3213.457747375
3228.415611125 3213.471635000
3228.429498750 3213.485522625
3228.443382250 3213.499406250
3228.457277125 3213.513301125
3228.471162250 3213.527186375
3228.485046125 3213.541070125
3228.498936375 3213.554960500
3228.512823875 3213.568848125
3228.526711125 3213.582735250
3228.540598750 3213.596622875
3228.554482000 3213.610506250
3228.568370000 3213.624394250
3228.582257875 3213.638282125
3228.596145875 3213.652170125
3228.610036125 3213.666060500
3228.623923750 3213.679948125
3228.637810625 3213.693835000
3228.651698625 3213.707723000
3228.665581875 3213.721606250
3228.679469750 3213.735494250
3228.693357750 3213.749382125
3228.707252500 3213.763277000
3228.721136375 3213.777160875
3228.735022875 3213.791047375
3228.748910375 3213.804934875
3228.762798000 3213.818822500
3228.776681750 3213.832706375
3228.790576375 3213.846601000
3228.804457500 3213.860482125
3228.818345500 3213.874370125
3228.832235375 3213.888260000
3228.846123000 3213.902147750
3228.860010250 3213.916035000
3228.873900125 3213.929924875
3228.887786500 3213.943811375
3228.901669750 3213.957694500
3228.915557500 3213.971582500
3228.929445500 3213.985470375
3228.943335250 3213.999360250
3228.957223125 3214.013248000
3228.971110375 3214.027135375
3228.984998000 3214.041022875
3228.998885500 3214.054910500
3229.012769375 3214.068794500
3229.026657375 3214.082682500
3229.040545250 3214.096570375
3229.054434875 3214.110460000
3229.068322875 3214.124348000
3229.082210125 3214.138235375
3229.096097750 3214.152122875
3229.109981125 3214.166006375
3229.123875625 3214.179900875
3229.137757000 3214.193782250
3229.151644875 3214.207670125
3229.165534750 3214.221560000
3229.179422250 3214.235447625
3229.193309625 3214.249335000
3229.207199500 3214.263224875
3229.221085625 3214.277111000
3229.234969000 3214.290994375
3229.248857000 3214.304882500
3229.262745000 3214.318770500
3229.276634375 3214.332659875
3229.290526625 3214.346552125
3229.304410625 3214.360436125
3229.318296875 3214.374322500
3229.332184875 3214.388210375
3229.346068500 3214.402094250
3229.359956625 3214.415982375
3229.373844500 3214.429870375
3229.387734500 3214.443760250
3229.401622125 3214.457647875
3229.415509750 3214.471535625
3229.429397000 3214.485422875
3229.443284500 3214.499310375
3229.457168375 3214.513194250
3229.471056500 3214.527082375
3229.484944500 3214.540970500
3229.498834375 3214.554860250
3229.512721875 3214.568747875
3229.526609500 3214.582635500
3229.540496750 3214.596522875
3229.554380375 3214.610406375
3229.568268375 3214.624294375
3229.582156250 3214.638182375
3229.596044375 3214.652070500
3229.609933750 3214.665960000
3229.623826000 3214.679852125
3229.637709875 3214.693736000
3229.651596250 3214.707622500
3229.665480125 3214.721506375
3229.679368000 3214.735394250
3229.693256000 3214.749282250
3229.707150625 3214.763176875
3229.721034625 3214.777061125
3229.734921000 3214.790947375
3229.748808500 3214.804835000
3229.762696250 3214.818722750
3229.776579750 3214.832606250
3229.790474500 3214.846501000
3229.804359875 3214.860386375
3229.818243625 3214.874270250
3229.832133875 3214.888160500
3229.846021375 3214.902048000
3229.859908625 3214.915935250
3229.873796250 3214.929822875
3229.887679500 3214.943706250
3229.901567500 3214.957594125
3229.915455375 3214.971482125
3229.929343375 3214.985370125
3229.943233625 3214.999260500
3229.957121250 3215.013148000
3229.971008250 3215.027035000
3229.984896125 3215.040923000
3229.998779375 3215.054806250
3230.012667250 3215.068694250
3230.026555250 3215.082582125
3230.040450125 3215.096477000
3230.054334000 3215.110361000
3230.068220375 3215.124247375
3230.082107750 3215.138134875
3230.095995375 3215.152022500
3230.109879375 3215.165906500
3230.123773750 3215.179801000
3230.137655000 3215.193682125
3230.151542875 3215.207570125
3230.165432875 3215.221460125
3230.179320375 3215.235347750
3230.193207625 3215.249234875
3230.207097625 3215.263124875
3230.220984125 3215.277011500
3230.234867125 3215.290894500
3230.248755000 3215.304782375
3230.262643000 3215.318670375
3230.276532750 3215.332560250
3230.290420500 3215.346448000
3230.304307875 3215.360335250
3230.318195375 3215.374222875
3230.332083000 3215.388110500
3230.345966875 3215.401994500
3230.359854875 3215.415882375
3230.373742875 3215.429770375
3230.387632375 3215.443660000
3230.401520500 3215.457548125
3230.415407625 3215.471435375
3230.429295250 3215.485322875
3230.443178625 3215.499206375
3230.457073125 3215.513101000
3230.470954500 3215.526982250
3230.484842250 3215.540870125
3230.498732250 3215.554760000
3230.512619875 3215.568647750
3230.526507000 3215.582535000
3230.540397000 3215.596424875
3230.554283000 3215.610311000
3230.568166500 3215.624194500
3230.582054375 3215.638082500
3230.595942375 3215.651970375
3230.609831875 3215.665859875
3230.623724000 3215.679752125
3230.637608000 3215.693636125
3230.651494250 3215.707522375
3230.665382250 3215.721410375
3230.679266000 3215.735294250
3230.693154125 3215.749182375
3230.707042125 3215.763070250
3230.720932000 3215.776960250
3230.734819625 3215.790847875
3230.748707250 3215.804735625
3230.762594500 3215.818622750
3230.776482125 3215.832510375
3230.790365875 3215.846394250
3230.804254125 3215.860282500
3230.818142000 3215.874170500
3230.832031875 3215.888060250
3230.845919375 3215.901947875
3230.859807125 3215.915835625
3230.873694375 3215.929722875
3230.887577750 3215.943606375
3230.901465750 3215.957494375
3230.915353875 3215.971382500
3230.929241750 3215.985270500
3230.943131250 3215.999159875
3230.957023375 3216.013052125
3230.970907375 3216.026936125
3230.984793625 3216.040822500
3230.998677500 3216.054706250
3231.012565500 3216.068594250
3231.026453375 3216.082482250
3231.040348000 3216.096376875
3231.054232125 3216.110261000
3231.068118500 3216.124147375
3231.082006000 3216.138035000
3231.095893750 3216.151922750
3231.109777250 3216.165806125
3231.123672000 3216.179701000
3231.137557375 3216.193586375
3231.151441125 3216.207470250
3231.165331375 3216.221360500
3231.179218875 3216.235248000
3231.193106125 3216.249135250
3231.206993875 3216.263023000
3231.220877000 3216.276906250
3231.234765000 3216.290794125
3231.248652875 3216.304682125
3231.262541000 3216.318570250
3231.276431125 3216.332460500
3231.290318750 3216.346348000
3231.304205625 3216.360235000
3231.318093750 3216.374123125
3231.331976750 3216.388006250
3231.345864625 3216.401894125
3231.359752625 3216.415782125
3231.373647500 3216.429677000
3231.387531375 3216.443561000
3231.401417750 3216.457447250
3231.415305250 3216.471334875
3231.429192875 3216.485222500
3231.443076875 3216.499106500
3231.456971250 3216.513000875
3231.470852500 3216.526882125
3231.484740375 3216.540770125
3231.498630375 3216.554660125
3231.512518000 3216.568547625
3231.526405125 3216.582434875
3231.540295125 3216.596324875
3231.554181625 3216.610211500
3231.568064625 3216.624094500
3231.581952500 3216.637982375
3231.595840500 3216.651870375
3231.609730500 3216.665760375
3231.623618000 3216.679648000
3231.637505250 3216.693535250
3231.651392750 3216.707422875
3231.665280625 3216.721310625
3231.679164500 3216.735194500
3231.693052375 3216.749082375
3231.706940250 3216.762970375
3231.720829875 3216.776860125
3231.734717875 3216.790748125
3231.748605000 3216.804635250
3231.762492625 3216.818522875
3231.776376250 3216.832406500
3231.790270625 3216.846301000
3231.804151875 3216.860182125
3231.818039750 3216.874070125
3231.831929625 3216.887960000
3231.845817375 3216.901847750
3231.859704500 3216.915734875
3231.873594500 3216.929624875
3231.887480500 3216.943511000
3231.901364000 3216.957394500
3231.915251875 3216.971282375
3231.929139875 3216.985170375
3231.943029375 3216.999059875
3231.956921625 3217.012952250
3231.970805500 3217.026836125
3231.984691750 3217.040722375
3231.998579750 3217.054610375
3232.012463750 3217.068494375
3232.026351625 3217.082382375
3232.040239625 3217.096270250
3232.054129500 3217.110160250
3232.068017125 3217.124048000
3232.081904750 3217.137935625
3232.095791875 3217.151822750
3232.109679500 3217.165710375
3232.123563375 3217.179594375
3232.137451500 3217.193482500
3232.151339375 3217.207370375
3232.165229250 3217.221260250
3232.179116875 3217.235147875
3232.193004500 3217.249035625
3232.206891750 3217.262922750
3232.220775250 3217.276806375
3232.234663250 3217.290694375
3232.248551250 3217.304582500
3232.262439250 3217.318470375
3232.276328750 3217.332359875
3232.290220875 3217.346252125
3232.304104875 3217.360136125
3232.317991125 3217.374022375
3232.331875000 3217.387906250
3232.345763000 3217.401794250
3232.359651000 3217.415682375
3232.373545500 3217.429576875
3232.387429625 3217.443461000
3232.401316000 3217.457347375
3232.415203625 3217.471235125
3232.429091250 3217.485122750
3232.442974625 3217.499006125
3232.456869375 3217.512901000
3232.470755000 3217.526786500
3232.484638500 3217.540670250
3232.498528875 3217.554560375
3232.512416375 3217.568448000
3232.526303625 3217.582335375
3232.540191375 3217.596223000
3232.554074375 3217.610106125
3232.567962375 3217.623994125
3232.581850375 3217.637882125
3232.595738375 3217.651770250
3232.609628625 3217.665660375
3232.623516125 3217.679548000
3232.637403125 3217.693435000
3232.651291125 3217.707323125
3232.665174250 3217.721206125
3232.679062250 3217.735094125
3232.692950125 3217.748982125
3232.706845125 3217.762877125
3232.720728875 3217.776761000
3232.734615250 3217.790647250
3232.748502875 3217.804534875
3232.762390500 3217.818422625
3232.776274375 3217.832306500
3232.790168750 3217.846200875
3232.804050000 3217.860082125
3232.817937875 3217.873970250
3232.831827875 3217.887860125
3232.845715500 3217.901747625
3232.859602625 3217.915634875
3232.873492750 3217.929525000
3232.887379000 3217.943411500
3232.901262125 3217.957294375
3232.915150000 3217.971182375
3232.929038000 3217.985070500
3232.942927875 3217.998960375
3232.956815375 3218.012847875
3232.970702750 3218.026735250
3232.984590250 3218.040622875
3232.998478000 3218.054510625
3233.012361875 3218.068394375
3233.026249750 3218.082282375
3233.040137750 3218.096170375
3233.054027375 3218.110060125
3233.067915375 3218.123948000
3233.081802625 3218.137835250
3233.095690125 3218.151722875
3233.109573750 3218.165606500
3233.123468125 3218.179501000
3233.137349375 3218.193382125
3233.151237250 3218.207270125
3233.165127250 3218.221160125
3233.179014875 3218.235047750
3233.192902000 3218.248934875
3233.206792000 3218.262824875
3233.220678125 3218.276711125
3233.234561500 3218.290594500
3233.248449500 3218.304482375
3233.262337375 3218.318370375
3233.276226875 3218.332260000
3233.290119000 3218.346152250
3233.304003000 3218.360036000
3233.317889125 3218.373922375
3233.331777250 3218.387810500
3233.345661125 3218.401694375
3233.359549000 3218.415582250
