34666 3211.818230500 128 127 128 128 127 128 128 127 128 128 128 128 127 128 128 128 127 128 128 127 128 128 127 127 128 
34667 3211.832118000 128 127 128 128 128 127 128 128 127 128 128 127 128 128 128 127 128 128 127 128 128 128 127 128 128 
34668 3211.846005500 127 127 128 127 128 127 128 128 127 127 128 128 128 127 128 128 127 127 128 127 127 128 127 127 128 
34669 3211.859893000 128 128 127 128 128 128 128 127 128 128 127 127 128 127 127 128 128 128 127 128 128 127 127 128 128 
34670 3211.873780500 128 128 127 127 128 127 128 128 128 127 128 127 127 128 128 128 128 127 127 128 128 128 127 128 128 
34671 3211.887668000 127 128 127 128 128 128 128 128 127 128 128 128 127 128 128 127 128 128 127 127 129 128 128 127 128 
34672 3211.901555500 128 128 128 128 128 128 128 127 127 128 128 128 127 128 128 128 128 128 127 127 128 127 127 128 128 
34673 3211.915443000 127 127 128 127 128 128 128 128 128 127 127 128 128 127 127 128 128 127 128 127 128 127 128 128 127 
34674 3211.929330500 128 128 127 128 128 128 128 127 127 128 128 128 127 128 128 127 128 128 127 127 128 128 127 128 128 
34675 3211.943218000 127 129 127 128 128 127 128 128 127 128 128 127 128 128 127 127 128 128 128 127 128 127 128 128 128 
34676 3211.957105500 127 128 128 127 128 127 127 128 128 127 127 128 128 128 128 127 128 128 128 127 128 128 127 127 128 
34677 3211.970993000 128 127 128 127 128 128 127 127 128 128 127 128 128 127 128 128 128 127 127 128 127 128 128 128 127 
34678 3211.984880500 128 127 127 128 127 128 128 127 128 128 127 127 128 128 128 128 127 127 128 128 128 128 128 128 127 
34679 3211.998768000 128 128 128 128 128 128 128 128 128 128 128 127 127 128 127 127 128 128 128 128 127 128 128 128 127 
34680 3212.012655500 128 128 127 128 127 128 128 127 127 128 128 127 128 128 127 128 128 128 127 127 128 127 127 128 128 
34681 3212.026543000 127 128 128 127 128 127 128 128 127 128 128 128 127 127 128 128 127 127 127 128 127 128 127 128 128 
34682 3212.040430500 128 127 127 128 127 128 127 127 128 128 127 127 128 128 127 128 128 128 127 127 128 128 127 128 128 
34683 3212.054318000 127 128 128 127 128 128 127 127 128 128 127 128 128 128 128 128 127 128 128 127 128 128 127 128 128 
34684 3212.068205500 127 128 128 127 128 127 127 128 127 127 128 128 127 128 128 127 128 128 127 127 128 128 127 127 128 
34685 3212.082093000 128 128 127 128 127 128 127 128 128 128 127 128 128 127 128 128 127 127 128 128 128 127 128 128 128 
34686 3212.095980500 127 128 127 128 128 128 128 127 128 128 127 128 128 127 128 128 128 127 128 128 128 127 128 128 127 
34687 3212.109868000 128 128 128 128 128 127 128 128 127 128 128 127 127 128 128 127 128 128 127 127 127 128 127 128 128 
34688 3212.123755500 127 128 127 127 128 128 127 128 128 128 127 128 128 127 128 128 127 127 127 128 128 128 127 128 128 
34689 3212.137643000 127 128 128 128 128 127 128 128 128 127 129 128 128 127 128 128 128 127 127 128 128 128 127 128 128 
34690 3212.151530500 127 127 128 127 128 127 127 127 128 128 128 127 128 128 128 127 128 128 128 128 127 128 128 127 128 
34691 3212.165418000 128 127 128 127 128 128 127 128 128 127 127 128 128 128 127 128 128 128 127 128 128 127 127 128 128 
34692 3212.179305500 127 128 127 128 128 128 128 127 128 128 127 128 128 128 127 128 128 127 128 128 127 129 128 127 127 
34693 3212.193193000 128 128 127 128 128 128 128 127 128 128 127 128 128 127 128 128 128 127 127 128 128 127 128 128 127 
34694 3212.207080500 127 128 127 127 128 128 128 128 127 128 128 127 127 128 128 127 127 128 128 127 128 128 128 127 128 
34695 3212.220968000 128 127 128 128 128 128 128 127 127 128 128 127 127 128 128 127 128 128 127 127 128 127 127 128 128 
34696 3212.234855500 127 128 127 127 128 127 127 128 127 127 128 128 127 128 128 127 128 128 128 127 128 127 128 128 128 
34697 3212.248743000 127 129 128 128 128 128 128 127 127 128 128 128 127 128 128 127 127 128 127 128 128 127 128 128 128 
34698 3212.262630500 127 128 128 128 128 127 127 128 128 127 127 128 127 127 128 128 128 128 127 127 128 128 127 128 128 
34699 3212.276518000 127 127 129 128 128 128 127 128 128 128 127 128 128 127 127 128 128 128 127 127 128 127 128 128 128 
34700 3212.290405500 127 127 128 127 128 127 128 128 127 127 127 128 128 127 127 128 128 127 127 128 128 128 127 128 128 
34701 3212.304293000 127 129 127 128 127 128 128 127 127 128 128 127 128 128 128 127 128 128 128 127 128 128 127 128 128 
34702 3212.318180500 127 128 128 127 128 128 128 128 128 127 128 127 127 128 128 128 127 128 128 128 127 127 128 127 127 
34703 3212.332068000 128 128 127 128 127 128 127 127 128 128 128 127 128 128 127 128 127 127 127 128 128 128 127 127 128 
34704 3212.345955500 128 128 128 127 128 128 128 128 127 128 128 128 128 128 128 128 128 128 128 128 128 127 128 127 127 
34705 3212.359843000 128 128 127 128 127 128 127 127 128 128 127 128 128 127 128 128 128 127 128 128 128 128 127 127 128 
34706 3212.373730500 128 128 127 128 128 128 127 128 128 127 128 128 127 128 128 127 128 128 128 127 128 128 128 127 128 
34707 3212.387618000 128 128 127 128 127 128 128 127 127 128 128 128 127 128 128 127 128 128 128 127 128 127 127 127 128 
34708 3212.401505500 127 128 128 128 128 128 128 128 127 129 128 127 128 128 127 128 128 128 127 127 128 128 128 127 128 
34709 3212.415393000 127 127 127 127 128 127 127 128 128 127 128 128 127 128 128 128 127 127 127 129 128 127 128 128 127 
34710 3212.429280500 128 128 128 128 127 128 128 128 127 128 127 127 128 128 127 128 128 127 127 128 128 127 127 128 128 
34711 3212.443168000 127 128 127 127 128 127 128 128 128 127 127 128 128 128 127 127 128 128 127 127 128 128 127 128 128 
34712 3212.457055500 128 128 128 128 128 127 128 128 127 127 128 128 127 127 128 128 127 127 128 128 127 127 128 127 127 
34713 3212.470943000 128 127 128 128 127 128 128 127 128 128 127 128 128 127 127 128 128 127 128 128 127 127 128 128 128 
34714 3212.484830500 127 129 128 127 128 127 128 127 128 128 127 128 128 127 128 128 127 127 127 128 128 127 128 128 128 
34715 3212.498718000 128 128 128 127 129 128 127 128 128 127 127 128 128 127 128 128 127 127 128 128 128 127 128 128 127 
34716 3212.512605500 128 128 126 122 115 109 102 096 091 088 087 085 086 090 094 100 106 113 121 131 140 148 158 165 171 
34717 3212.526493000 177 181 184 186 185 183 179 174 167 161 152 144 134 124 115 107 099 092 087 081 078 078 077 078 082 
34718 3212.540380500 087 093 099 108 116 125 135 143 153 160 167 173 177 179 182 181 179 175 172 165 157 149 141 132 122 
34719 3212.554268000 113 104 097 089 085 080 078 075 076 078 081 085 091 099 107 115 125 134 143 151 159 167 172 176 179 
34720 3212.568155500 180 181 178 176 170 165 157 148 140 131 122 113 104 096 089 084 079 076 075 076 078 080 086 091 098 
34721 3212.582043000 107 115 124 134 142 151 159 166 172 176 179 181 180 179 175 171 164 157 148 140 131 121 113 104 096 
34722 3212.595930500 089 084 079 077 075 076 078 080 084 092 099 106 115 124 134 142 152 159 166 172 175 179 180 180 179 
34723 3212.609818000 176 170 165 157 148 140 131 121 113 104 096 089 084 079 078 076 075 077 081 086 091 098 107 115 124 
34724 3212.623705500 134 142 152 159 166 171 176 179 181 180 178 175 171 164 157 148 141 131 122 112 104 097 090 083 080 
34725 3212.637593000 077 075 076 076 081 086 090 099 107 115 124 134 143 151 159 166 172 176 179 180 181 179 175 170 164 
34726 3212.651480500 157 149 140 132 122 112 105 097 089 085 080 077 075 076 077 080 086 092 098 105 116 124 133 142 151 
34727 3212.665368000 159 166 171 177 179 180 180 179 175 170 165 158 149 139 132 122 113 104 097 090 083 080 077 075 075 
34728 3212.679255500 078 080 085 092 098 105 115 124 133 142 151 159 166 171 177 179 180 179 179 175 170 165 157 148 141 
34729 3212.693143000 131 121 113 104 097 090 083 080 077 075 075 078 081 085 090 098 106 114 123 133 142 150 159 166 171 
34730 3212.707030500 175 180 180 181 179 175 171 164 157 148 141 131 122 112 104 096 089 083 080 077 075 076 078 081 085 
34731 3212.720918000 091 099 106 115 124 133 142 151 159 166 171 177 179 180 180 179 176 170 164 157 150 140 131 121 113 
34732 3212.734805500 104 096 090 084 080 077 075 076 077 080 086 091 098 107 115 123 134 143 151 158 166 172 176 179 180 
34733 3212.748693000 180 178 176 170 165 156 150 141 130 122 113 105 097 089 084 080 077 075 076 077 080 084 091 097 106 
34734 3212.762580500 115 124 133 143 151 159 166 171 175 179 180 181 178 175 171 165 157 148 141 132 122 113 105 096 089 
34735 3212.776468000 085 080 077 075 076 077 081 086 091 099 106 114 123 134 142 150 159 166 171 177 179 180 180 179 175 
34736 3212.790355500 170 165 158 149 140 131 122 112 105 097 090 083 080 078 075 076 078 081 085 091 097 105 115 124 132 
34737 3212.804243000 142 151 158 166 171 176 179 180 180 179 175 170 164 158 149 140 132 122 113 105 097 089 084 080 076 
34738 3212.818130500 075 076 077 080 085 091 097 106 115 124 133 142 151 159 166 171 177 179 180 180 179 176 170 165 157 
34739 3212.832018000 149 141 131 123 113 104 096 090 084 079 076 075 076 077 080 084 091 098 105 115 124 132 141 151 159 
34740 3212.845905500 165 172 175 179 180 181 178 175 170 165 157 150 141 131 123 114 104 096 091 084 080 076 076 075 076 
34741 3212.859793000 081 085 091 098 106 115 123 134 142 151 159 165 171 176 179 180 181 178 175 171 165 157 149 140 132 
34742 3212.873680500 122 113 105 097 089 084 079 077 076 075 076 080 085 090 098 106 114 124 133 142 150 159 166 172 175 
34743 3212.887568000 180 180 180 179 175 170 164 158 149 140 132 121 113 105 097 089 085 080 078 076 076 076 080 085 090 
34744 3212.901455500 097 106 114 124 133 142 151 158 166 171 176 178 181 181 178 175 171 164 157 149 141 131 121 114 104 
34745 3212.915343000 096 090 084 080 077 076 076 077 080 084 091 098 105 114 124 133 142 150 159 165 172 176 179 180 181 
34746 3212.929230500 179 176 170 165 157 150 141 131 122 113 105 096 089 085 079 077 076 076 077 080 085 091 097 106 114 
34747 3212.943118000 123 133 142 151 158 166 171 176 179 181 181 179 175 170 165 158 149 141 132 122 112 105 097 090 084 
34748 3212.957005500 079 078 076 075 078 080 084 091 098 106 115 123 132 142 150 158 166 171 176 179 180 181 178 175 171 
34749 3212.970893000 165 158 150 140 132 122 113 104 097 090 083 081 077 075 075 076 081 085 090 097 106 114 123 132 142 
34750 3212.984780500 151 158 166 171 176 179 180 180 178 176 170 164 157 150 140 131 122 114 105 097 089 084 080 077 074 
34751 3212.998668000 076 076 081 085 090 098 106 114 124 133 142 150 158 165 172 176 178 181 181 178 175 170 165 157 149 
34752 3213.012555500 140 132 122 114 104 097 090 084 080 076 076 076 077 080 085 090 097 106 115 123 132 142 150 158 166 
34753 3213.026443000 171 176 178 181 180 179 175 171 165 158 149 140 131 123 113 105 096 089 084 080 077 075 076 078 080 
34754 3213.040330500 084 092 097 106 114 124 133 141 151 158 166 171 175 179 181 181 178 176 170 165 157 149 141 132 123 
34755 3213.054218000 113 105 097 090 084 081 077 074 076 078 080 084 092 098 106 114 123 132 142 150 158 166 171 175 179 
34756 3213.068105500 181 180 179 175 170 165 157 149 141 131 122 114 105 097 089 085 080 077 075 076 078 080 084 091 098 
34757 3213.081993000 106 114 123 133 141 150 159 165 171 175 179 180 180 179 176 170 165 158 149 141 132 122 114 105 096 
34758 3213.095880500 091 084 079 077 075 076 078 080 085 090 098 105 115 124 132 141 151 158 165 171 176 179 180 180 179 
34759 3213.109768000 176 171 165 157 150 140 133 123 114 104 098 091 085 080 078 075 075 078 080 084 090 098 106 114 123 
34760 3213.123655500 133 142 151 159 165 172 176 179 180 181 178 175 171 165 157 151 141 131 123 113 104 098 091 084 079 
34761 3213.137543000 077 076 075 078 079 086 091 097 106 115 123 132 141 151 158 165 171 176 179 180 181 179 175 170 166 
34762 3213.151430500 158 149 141 132 122 114 105 096 089 085 080 077 075 076 077 079 085 091 098 105 114 123 132 141 151 
34763 3213.165318000 158 166 172 176 179 180 180 179 176 171 165 158 149 141 132 122 113 104 098 091 084 081 077 075 076 
34764 3213.179205500 077 080 084 090 097 106 114 122 132 141 150 159 166 171 175 179 180 180 179 176 171 165 159 150 140 
34765 3213.193093000 132 123 113 105 096 091 084 079 078 076 075 076 080 085 090 098 105 114 123 132 141 150 158 166 171 
34766 3213.206980500 175 179 180 180 179 175 171 165 158 150 141 132 123 113 105 098 090 084 081 078 075 075 078 080 084 
34767 3213.220868000 091 098 105 113 123 132 141 151 158 165 171 176 179 180 180 178 175 171 165 158 149 141 131 123 114 
34768 3213.234755500 105 098 090 084 081 077 075 076 077 079 085 091 097 105 114 123 132 141 151 158 165 171 176 178 181 
34769 3213.248643000 180 179 176 170 165 157 151 141 132 123 114 105 096 091 085 080 078 076 075 076 080 085 090 097 106 
34770 3213.262530500 114 123 133 142 150 158 165 172 176 179 180 181 179 175 171 165 158 150 141 133 123 113 105 097 091 
34771 3213.276418000 084 081 078 076 075 077 080 085 090 097 106 113 123 132 141 150 158 165 171 175 179 180 180 179 176 
34772 3213.290305500 171 165 159 150 141 132 123 114 105 098 091 084 081 077 075 075 077 080 084 091 098 104 114 123 132 
34773 3213.304193000 141 150 158 165 171 176 179 180 180 179 176 171 166 158 150 140 132 123 114 105 098 091 084 079 078 
34774 3213.318080500 076 075 076 080 084 091 097 105 114 123 132 141 150 158 166 171 175 179 181 181 178 175 171 165 158 
34775 3213.331968000 150 141 133 123 113 105 096 091 085 080 078 075 075 077 080 085 090 097 106 114 122 132 142 150 158 
34776 3213.345855500 166 171 175 179 180 181 179 175 171 165 158 149 142 132 122 115 105 098 090 085 081 076 076 076 076 
34777 3213.359743000 080 085 090 097 106 113 122 132 141 150 158 165 171 175 179 180 180 179 176 171 165 158 149 142 132 
34778 3213.373630500 123 114 105 097 090 084 080 077 076 075 077 080 084 090 096 105 114 122 131 142 150 157 165 172 176 
34779 3213.387518000 178 180 181 178 176 171 165 157 150 142 133 123 113 106 097 090 085 081 078 075 075 077 080 084 090 
34780 3213.401405500 097 104 114 122 132 140 150 158 165 171 175 179 180 180 179 176 171 166 159 150 141 133 123 113 105 
34781 3213.415293000 098 091 085 081 076 076 076 077 079 085 090 097 106 114 122 133 141 150 157 166 171 175 179 180 180 
34782 3213.429180500 178 176 171 166 158 151 142 132 123 113 105 098 090 084 081 078 076 076 077 079 084 091 097 105 113 
34783 3213.443068000 123 132 142 150 158 165 171 175 179 180 180 178 175 171 165 158 151 142 132 123 115 105 097 091 085 
34784 3213.456955500 080 078 075 076 077 079 085 090 096 106 113 122 132 142 150 158 165 171 175 179 180 180 179 176 170 
34785 3213.470843000 166 159 150 141 133 123 114 106 097 091 085 081 077 075 076 077 079 084 091 098 105 113 123 132 141 
34786 3213.484730500 149 158 165 171 176 178 180 181 179 175 171 166 158 150 142 133 123 114 106 098 091 085 081 077 076 
34787 3213.498618000 075 077 079 084 090 097 105 113 123 132 141 149 158 165 170 175 179 180 180 178 176 172 165 158 150 
34788 3213.512505500 142 133 122 115 106 097 091 085 080 077 076 076 076 079 085 090 096 105 114 122 132 141 150 157 164 
34789 3213.526393000 171 176 179 181 180 178 177 171 165 158 151 141 133 124 114 105 098 091 084 080 078 075 075 077 079 
34790 3213.540280500 084 090 096 105 113 122 132 141 149 158 165 171 175 179 180 180 180 176 171 165 159 151 142 132 124 
34791 3213.554168000 115 105 098 091 084 081 077 075 075 077 079 085 090 096 105 114 122 132 141 149 157 165 170 175 179 
34792 3213.568055500 180 180 179 176 171 165 158 150 142 133 123 114 106 098 091 084 081 077 075 074 077 081 084 089 097 
34793 3213.581943000 105 113 122 132 140 150 158 164 172 176 179 179 181 179 176 171 165 158 151 142 132 124 114 106 098 
34794 3213.595830500 090 086 081 076 076 075 077 079 083 090 097 105 113 122 132 141 149 157 165 171 175 179 180 180 179 
34795 3213.609718000 177 172 165 159 150 141 133 124 114 105 098 091 084 081 078 075 075 076 080 084 090 097 105 112 122 
34796 3213.623605500 132 140 149 158 164 170 175 179 180 180 179 176 171 165 159 151 142 132 123 115 105 097 090 086 081 
34797 3213.637493000 077 076 075 076 079 084 090 097 104 113 123 131 141 149 158 164 171 176 178 180 180 179 175 171 166 
34798 3213.651380500 158 151 142 132 124 114 105 098 091 084 081 078 076 075 076 080 084 089 096 105 113 123 132 140 150 
34799 3213.665268000 158 165 171 176 178 181 180 178 175 172 166 158 150 142 133 123 115 106 098 090 086 081 077 075 076 
34800 3213.679155500 076 080 084 090 097 104 113 122 132 140 149 158 165 170 176 178 180 180 179 176 171 166 159 150 143 
34801 3213.693043000 133 123 115 105 098 091 084 081 077 076 075 077 079 084 089 097 105 113 122 132 140 149 157 165 170 
34802 3213.706930500 175 178 180 180 179 176 171 165 159 150 142 133 124 114 107 098 090 085 081 077 075 076 077 079 083 
34803 3213.720818000 090 097 104 112 122 131 141 149 157 165 171 175 179 180 180 179 176 172 166 158 151 142 133 124 115 
34804 3213.734705500 105 099 091 086 080 078 076 075 076 080 084 089 096 104 113 122 131 140 148 158 165 170 175 179 181 
34805 3213.748593000 180 179 176 172 166 159 150 142 134 124 114 106 099 091 085 080 078 075 076 077 079 084 090 096 104 
34806 3213.762480500 113 121 132 140 149 157 164 170 176 179 180 180 179 177 171 166 158 150 142 134 124 114 107 098 090 
34807 3213.776368000 085 081 076 076 076 076 080 085 089 097 105 113 121 132 141 149 158 165 170 175 179 180 180 179 176 
34808 3213.790255500 171 166 159 150 142 132 124 115 106 098 091 084 080 078 075 075 077 079 083 089 097 104 113 123 131 
34809 3213.804143000 140 148 158 164 171 175 179 181 180 179 177 171 165 159 151 142 132 123 115 106 098 090 086 080 076 
34810 3213.818030500 075 076 076 079 083 090 096 104 114 122 131 140 149 157 164 171 176 178 180 181 179 176 171 166 158 
34811 3213.831918000 150 143 133 123 115 106 097 092 086 080 078 076 075 077 079 083 089 096 105 113 121 131 140 149 158 
34812 3213.845805500 164 170 176 178 180 181 179 176 172 166 159 151 142 133 124 114 107 099 090 086 080 077 075 076 077 
34813 3213.859693000 079 084 090 096 105 113 122 132 140 149 157 165 170 175 178 181 181 179 175 172 166 159 151 143 133 
34814 3213.873580500 123 116 106 099 091 086 081 076 075 076 077 079 084 090 097 104 113 122 131 139 150 157 164 170 175 
34815 3213.887468000 178 180 181 179 176 172 165 158 151 142 132 125 115 106 098 092 086 081 077 076 075 076 080 084 088 
34816 3213.901355500 097 104 112 122 131 140 148 158 164 170 176 178 180 181 179 175 172 167 159 151 142 134 124 115 107 
34817 3213.915243000 098 090 086 080 078 076 075 076 080 084 089 096 105 112 121 131 140 149 157 164 171 176 178 181 181 
34818 3213.929130500 179 176 172 166 158 151 142 134 124 115 107 099 091 086 081 077 076 076 077 079 084 090 096 104 112 
34819 3213.943018000 122 131 139 150 157 165 170 175 179 180 180 179 176 172 165 159 151 143 133 123 116 106 098 090 085 
34820 3213.956905500 081 077 075 076 076 080 084 089 097 104 112 121 132 140 149 156 165 170 175 178 181 180 179 177 172 
34821 3213.970793000 166 160 151 143 133 124 115 107 098 092 085 080 078 076 075 076 079 083 089 096 104 113 122 131 139 
34822 3213.984680500 149 157 164 171 175 178 180 180 180 176 172 166 159 151 142 133 124 115 107 098 092 086 081 076 076 
34823 3213.998568000 076 076 080 084 088 096 103 112 122 131 139 148 157 164 170 175 179 180 180 179 177 172 166 158 151 
34824 3214.012455500 142 133 125 115 107 098 092 086 080 078 076 075 076 079 084 088 096 104 113 121 131 140 149 158 164 
34825 3214.026343000 170 176 179 180 181 179 176 171 166 159 151 143 134 124 115 107 098 091 085 081 078 075 076 077 078 
34826 3214.040230500 084 090 096 104 113 121 130 140 149 156 164 171 175 178 180 181 179 176 172 166 159 151 143 133 124 
34827 3214.054118000 115 107 098 092 085 082 078 076 075 077 080 083 090 096 104 112 121 131 140 148 156 165 170 174 178 
34828 3214.068005500 181 180 179 176 172 165 160 151 143 133 125 116 106 098 091 086 082 078 076 074 076 080 083 089 097 
34829 3214.081893000 104 113 121 130 140 148 158 164 170 175 179 180 180 179 177 172 165 159 152 142 133 125 116 107 098 
34830 3214.095780500 092 086 080 078 075 076 076 080 084 089 096 104 113 121 130 140 148 156 165 170 175 179 180 180 179 
34831 3214.109668000 176 172 167 159 151 142 133 124 116 107 098 092 086 081 077 076 075 076 079 084 090 096 103 113 121 
34832 3214.123555500 130 139 149 156 165 170 175 178 180 180 179 177 172 166 160 151 142 134 125 116 106 099 092 085 080 
34833 3214.137443000 078 076 075 077 079 083 090 095 104 112 121 130 140 148 157 165 170 175 178 180 181 179 177 172 166 
34834 3214.151330500 159 152 143 134 125 116 107 099 091 085 081 078 075 075 077 080 083 089 096 104 112 122 131 140 148 
34835 3214.165218000 157 164 170 175 178 181 180 179 177 172 166 160 151 144 134 124 115 108 099 092 085 080 077 076 075 
34836 3214.179105500 077 079 083 090 096 104 112 120 131 140 148 157 164 170 174 178 180 180 179 177 172 166 160 152 143 
34837 3214.192993000 133 125 116 108 099 091 086 081 077 076 075 076 078 084 089 095 104 113 121 130 140 149 156 163 169 
34838 3214.206880500 176 179 181 180 179 177 172 166 160 152 143 133 125 116 106 100 092 085 080 078 075 075 077 079 083 
34839 3214.220768000 090 096 103 112 121 131 140 148 156 164 171 174 178 181 180 179 176 172 166 158 152 143 133 125 116 
34840 3214.234655500 106 099 092 086 081 077 076 076 076 079 084 090 096 113 125 127 127 127 127 127 128 128 127 127 128 
34841 3214.248543000 128 127 127 128 127 127 128 127 127 128 128 127 127 127 128 128 127 128 128 127 128 128 127 127 128 
34842 3214.262430500 128 127 128 127 128 127 128 128 127 128 128 128 128 128 127 128 128 127 128 128 128 128 127 128 128 
34843 3214.276318000 127 128 128 127 128 127 128 128 128 127 128 128 127 127 127 128 128 128 127 128 128 127 127 128 128 
34844 3214.290205500 127 129 128 127 128 128 127 129 128 128 127 128 128 128 128 127 127 128 128 127 128 128 127 128 128 
34845 3214.304093000 127 128 127 128 127 128 127 128 128 128 127 128 128 128 129 128 127 127 127 128 128 128 127 128 128 
34846 3214.317980500 128 127 128 127 129 128 128 128 128 127 128 128 128 127 128 128 128 127 127 128 128 127 128 128 128 
34847 3214.331868000 127 128 128 128 128 128 127 128 129 128 128 127 128 128 128 128 128 128 127 127 128 128 127 127 128 
34848 3214.345755500 128 128 127 128 128 128 128 128 127 128 128 127 128 128 127 128 128 127 128 128 127 127 128 128 127 
34849 3214.359643000 128 128 128 128 128 127 128 128 127 128 128 128 128 128 128 128 127 127 128 129 127 127 128 128 127 
34850 3214.373530500 129 128 129 128 127 128 127 127 128 128 128 127 128 128 127 127 128 128 127 127 128 128 128 128 128 
34851 3214.387418000 128 127 128 128 128 127 127 128 128 128 127 129 128 127 129 128 128 127 128 128 128 127 128 128 127 
34852 3214.401305500 128 128 127 128 127 128 128 128 128 128 127 128 127 128 128 127 127 127 128 128 127 128 128 127 128 
34853 3214.415193000 128 128 129 127 129 128 127 128 128 127 128 128 127 128 128 128 127 127 128 128 127 127 128 128 127 
34854 3214.429080500 128 128 128 127 128 128 127 127 128 128 127 127 128 128 127 128 128 127 128 128 127 127 128 128 127 
34855 3214.442968000 128 128 127 128 128 128 128 128 128 128 128 127 128 128 127 128 128 128 128 128 128 128 128 127 128 
34856 3214.456855500 128 127 129 128 127 128 128 127 128 128 127 128 128 127 128 128 127 127 128 128 127 128 128 128 128 
34857 3214.470743000 128 127 128 127 128 127 129 128 127 128 128 128 127 127 128 128 127 127 127 128 127 128 128 127 127 
34858 3214.484630500 128 127 128 127 128 127 128 128 127 127 127 128 128 127 127 128 128 128 128 127 128 128 127 128 128 
34859 3214.498518000 128 128 127 128 127 128 128 128 127 128 127 127 128 128 128 127 127 128 128 128 127 128 128 128 128 
34860 3214.512405500 128 128 127 128 128 128 127 127 128 128 127 128 128 127 128 128 128 128 127 128 128 127 128 128 127 
34861 3214.526293000 128 128 127 128 128 128 127 128 127 127 128 128 127 128 128 127 128 128 128 128 127 128 128 127 128 
34862 3214.540180500 129 128 127 128 127 128 127 128 128 128 127 128 128 128 127 127 128 128 127 128 128 127 129 128 128 
34863 3214.554068000 128 128 127 128 128 127 127 128 128 127 128 128 128 127 128 128 128 127 127 128 128 127 129 128 128 
34864 3214.567955500 127 128 128 127 128 127 127 128 127 127 128 128 128 128 128 128 128 127 127 128 128 127 128 127 127 
34865 3214.581843000 128 128 128 128 127 128 128 128 128 128 128 127 127 128 128 128 127 128 128 127 128 128 128 127 128 
34866 3214.595730500 128 128 127 128 127 128 128 127 127 128 128 127 128 128 127 128 128 128 127 128 128 127 128 128 127 
34867 3214.609618000 127 128 128 127 128 127 128 128 127 129 128 127 128 128 128 127 128 128 127 128 127 128 127 127 128 
34868 3214.623505500 128 127 128 128 128 128 128 127 127 127 128 128 128 128 127 128 128 127 127 129 128 127 127 128 128 
34869 3214.637393000 127 129 128 128 128 127 128 128 128 127 128 128 127 129 128 128 127 128 128 127 128 128 127 127 127 
34870 3214.651280500 128 128 127 127 128 127 128 128 127 127 128 127 128 128 127 127 128 127 128 128 128 127 128 127 127 
34871 3214.665168000 128 128 128 128 127 128 127 127 128 128 127 128 128 127 128 128 128 127 128 128 127 128 128 127 127 
34872 3214.679055500 128 128 127 128 127 128 127 127 128 127 127 128 128 127 128 128 127 127 128 128 127 128 128 128 128 
34873 3214.692943000 128 127 129 127 128 127 128 128 127 128 128 127 128 128 127 128 128 128 128 128 128 127 128 128 127 
34874 3214.706830500 127 128 128 128 127 128 127 128 128 127 127 128 128 128 127 128 128 128 127 127 128 128 127 127 129 
34875 3214.720718000 128 128 128 128 127 128 127 128 128 127 128 128 127 128 128 127 128 128 128 127 128 128 127 127 129 
34876 3214.734605500 128 129 128 127 128 127 128 128 127 127 128 128 128 128 128 127 127 127 128 128 127 128 128 127 128 
34877 3214.748493000 128 127 128 127 128 128 127 129 128 128 128 128 128 127 128 128 127 127 128 128 128 128 127 127 128 
34878 3214.762380500 128 127 128 127 127 128 128 127 128 127 127 128 128 127 128 128 127 128 128 127 129 128 128 127 127 
34879 3214.776268000 128 128 128 128 128 127 127 128 127 127 128 128 127 128 128 128 128 129 128 127 128 128 127 128 128 
34880 3214.790155500 127 128 127 127 128 127 128 128 127 127 127 128 128 127 128 128 127 128 127 127 128 128 127 129 128 
34881 3214.804043000 127 127 128 127 128 128 127 128 127 128 128 128 127 127 128 128 127 127 128 128 128 127 128 128 128 
34882 3214.817930500 127 128 128 128 128 127 128 127 128 128 128 127 128 128 127 128 128 128 128 128 128 128 128 128 127 
34883 3214.831818000 127 128 128 127 128 128 128 127 127 128 128 127 127 128 128 128 127 128 128 128 127 128 128 128 127 
34884 3214.845705500 129 128 127 128 127 128 128 128 128 128 128 128 127 128 128 128 127 128 128 128 128 128 128 128 127 
34885 3214.859593000 129 128 128 128 128 127 128 128 127 127 128 128 128 128 128 127 128 128 128 127 129 128 128 127 127 
34886 3214.873480500 128 127 128 128 127 128 128 127 128 128 127 128 128 127 127 128 128 127 128 128 128 127 129 128 128 
34887 3214.887368000 127 128 128 127 128 128 128 128 127 128 128 128 127 129 128 127 128 128 127 128 128 127 127 128 127 
34888 3214.901255500 127 128 128 127 128 127 127 129 128 127 128 128 128 127 127 128 128 128 128 128 128 128 127 128 128 
34889 3214.915143000 128 127 128 128 127 128 127 128 128 127 127 128 128 127 128 128 128 127 128 128 128 127 128 128 127 
34890 3214.929030500 128 128 127 128 127 128 128 127 128 128 128 128 127 128 128 128 127 127 128 128 127 128 128 127 127 
34891 3214.942918000 128 128 127 128 128 128 127 127 128 128 127 128 128 128 127 128 128 127 128 128 127 128 128 127 127 
34892 3214.956805500 128 128 127 128 128 128 128 127 127 128 128 127 127 128 127 127 129 128 128 127 127 129 128 127 128 
34893 3214.970693000 129 128 128 127 128 128 127 128 128 128 127 128 128 127 127 128 127 129 128 127 128 128 127 127 128 
34894 3214.984580500 128 127 128 127 128 127 127 128 128 128 127 128 128 127 128 128 127 128 128 129 127 127 128 128 128 
34895 3214.998468000 127 127 128 127 128 127 128 127 127 128 127 127 127 129 128 127 128 128 127 129 128 127 128 128 127 
34896 3215.012355500 127 128 128 129 128 128 127 128 128 127 128 128 127 129 128 127 128 128 128 128 127 128 128 128 128 
34897 3215.026243000 128 128 128 128 128 128 127 128 128 128 127 128 128 128 128 128 127 127 128 128 127 128 128 128 127 
34898 3215.040130500 128 128 127 127 128 127 128 128 128 127 129 128 127 128 128 127 128 128 128 127 128 128 127 129 128 
34899 3215.054018000 127 128 128 127 128 129 128 128 127 127 128 128 127 127 129 128 128 128 128 127 128 128 128 128 127 
34900 3215.067905500 127 127 128 127 128 127 128 128 127 127 128 128 127 128 128 128 127 128 128 128 127 127 129 128 128 
34901 3215.081793000 127 128 128 127 128 127 127 128 128 128 128 128 127 129 128 128 127 127 128 128 128 127 128 128 127 
34902 3215.095680500 127 128 128 128 127 127 128 128 127 127 128 127 128 128 128 128 127 128 129 128 128 127 128 128 127 
34903 3215.109568000 128 128 127 128 128 127 128 128 127 128 128 127 128 128 128 127 127 128 128 127 128 128 127 128 128 
34904 3215.123455500 127 128 127 128 128 128 127 128 128 127 128 128 128 127 127 128 128 128 128 128 128 128 127 128 128 
34905 3215.137343000 128 128 128 127 128 128 127 128 128 127 127 128 128 128 127 128 128 127 127 128 128 128 127 128 128 
34906 3215.151230500 127 128 128 127 128 128 127 128 127 128 128 128 127 128 128 127 128 128 128 127 129 128 127 127 128 
34907 3215.165118000 128 128 127 128 128 128 127 127 128 128 128 127 128 128 127 127 128 128 127 128 128 128 127 128 128 
34908 3215.179005500 128 127 128 127 128 127 128 128 128 127 129 128 127 129 128 128 127 127 127 128 128 127 128 128 127 
34909 3215.192893000 129 128 127 128 128 127 128 128 127 127 128 128 127 128 128 128 127 128 128 128 127 127 128 128 127 
34910 3215.206780500 128 128 128 128 128 127 128 128 127 128 128 127 128 128 127 127 127 128 128 127 128 128 128 127 128 
34911 3215.220668000 128 127 128 128 127 128 128 127 128 129 128 127 127 128 128 128 128 127 127 128 128 128 127 128 128 
34912 3215.234555500 127 128 127 127 128 127 127 128 128 128 128 128 128 127 127 129 128 127 128 128 128 127 128 128 127 
34913 3215.248443000 128 128 129 128 127 128 128 127 128 128 127 129 128 128 127 127 128 128 128 127 128 128 127 128 128 
34914 3215.262330500 127 128 128 128 128 128 128 128 128 128 127 127 128 127 127 128 128 128 128 127 128 128 128 128 128 
34915 3215.276218000 128 127 129 128 128 128 128 127 128 128 128 128 127 128 128 128 127 129 128 128 127 128 128 128 127 
34916 3215.290105500 128 128 127 128 127 128 128 128 128 128 127 128 128 128 127 128 128 128 128 128 128 127 128 128 128 
34917 3215.303993000 127 128 127 129 127 128 128 128 128 128 127 128 128 127 127 128 127 127 128 127 128 127 127 128 128 
34918 3215.317880500 127 128 127 127 128 128 128 128 127 128 128 127 127 128 127 127 128 128 128 127 128 128 128 127 129 
34919 3215.331768000 128 127 128 128 127 128 128 127 127 128 128 127 128 128 127 128 128 127 127 128 127 127 128 128 127 
34920 3215.345655500 127 128 127 128 128 128 128 127 127 128 127 128 128 127 128 128 127 127 128 128 127 128 128 127 129 
34921 3215.359543000 128 128 128 128 127 128 127 127 127 128 128 128 127 128 127 127 128 128 128 127 128 128 127 128 128 
34922 3215.373430500 127 128 127 128 128 127 128 128 127 129 128 127 129 128 127 128 128 127 128 128 127 127 128 127 127 
34923 3215.387318000 128 128 127 128 128 128 127 127 128 127 128 128 128 127 128 127 127 128 128 127 128 128 127 127 128 
34924 3215.401205500 128 128 128 128 128 127 128 128 128 128 127 129 128 127 128 128 128 128 127 128 128 127 127 128 128 
34925 3215.415093000 127 128 127 128 128 127 128 128 128 127 128 128 127 127 128 127 127 128 128 128 127 128 128 127 128 
34926 3215.428980500 128 127 128 128 127 128 128 128 128 127 127 128 127 128 128 127 128 128 127 128 128 128 128 127 127 
34927 3215.442868000 128 128 128 127 128 128 128 128 127 128 128 127 129 128 127 128 128 128 128 128 128 127 128 128 127 
34928 3215.456755500 127 128 128 127 128 127 129 128 127 127 128 128 127 127 128 127 127 127 128 127 128 128 128 128 128 
34929 3215.470643000 128 128 127 128 128 128 128 128 127 128 128 128 127 128 128 127 128 128 128 128 127 128 127 128 128 
34930 3215.484530500 128 129 128 128 128 128 128 127 128 128 128 127 128 128 128 127 127 128 128 127 127 128 128 127 128 
34931 3215.498418000 128 128 128 127 128 128 127 129 128 127 127 128 128 127 127 128 128 128 128 127 128 128 127 129 128 
34932 3215.512305500 127 128 127 127 128 127 128 128 128 127 128 127 128 127 128 127 128 128 128 127 128 128 128 127 127 
34933 3215.526193000 128 128 127 128 128 128 128 127 128 128 127 127 129 128 128 127 128 128 128 127 128 128 127 127 128 
34934 3215.540080500 128 128 127 128 128 127 128 128 128 127 129 128 127 128 127 127 128 128 128 127 127 127 128 128 127 
34935 3215.553968000 128 128 127 128 128 128 128 127 128 128 127 129 128 127 128 128 128 127 127 128 128 128 127 128 128 
34936 3215.567855500 127 128 128 128 128 128 128 128 127 128 127 127 127 128 127 128 128 128 127 128 128 128 127 128 128 
34937 3215.581743000 128 127 128 127 128 127 128 128 128 128 128 127 127 128 128 127 129 128 128 128 128 128 127 128 128 
34938 3215.595630500 127 128 127 127 128 127 127 127 128 127 128 128 127 128 128 127 128 128 128 127 128 128 127 127 128 
34939 3215.609518000 128 127 128 127 128 128 127 128 128 128 127 128 128 128 127 128 128 128 128 128 128 128 127 128 128 
34940 3215.623405500 128 128 128 127 129 128 127 127 128 128 127 128 128 127 127 128 128 128 127 129 128 128 127 128 128 
34941 3215.637293000 127 128 127 128 127 128 128 127 127 128 128 127 128 128 127 129 128 128 128 128 128 127 128 128 128 
34942 3215.651180500 127 128 128 127 128 127 128 128 128 128 127 128 128 127 128 128 128 128 128 128 128 127 128 128 127 
34943 3215.665068000 128 128 127 127 128 128 128 128 128 128 127 127 128 128 127 128 127 128 128 128 128 127 127 128 128 
34944 3215.678955500 128 128 127 128 128 128 128 127 128 128 128 127 128 128 127 128 128 128 127 128 128 127 128 128 127 
34945 3215.692843000 127 128 128 127 128 127 127 128 128 127 128 128 127 128 128 128 127 127 128 128 127 129 128 128 127 
34946 3215.706730500 128 128 128 127 128 128 128 128 127 127 128 128 128 127 127 128 127 127 127 128 128 127 127 128 128 
34947 3215.720618000 127 127 128 127 128 127 128 128 127 128 128 128 128 127 127 128 128 128 127 128 128 127 127 128 128 
34948 3215.734505500 127 129 128 127 128 128 128 128 127 128 128 127 128 128 127 128 128 128 128 127 127 128 128 127 127 
34949 3215.748393000 128 128 127 128 128 127 128 128 127 128 127 128 128 127 127 128 128 127 128 128 127 127 128 127 128 
34950 3215.762280500 128 127 128 128 128 128 127 128 128 127 127 128 128 127 129 128 128 128 128 128 127 127 128 128 127 
34951 3215.776168000 128 128 127 127 128 127 127 128 127 128 128 127 128 128 128 127 128 129 128 128 128 128 128 128 128 
34952 3215.790055500 128 128 127 128 128 128 128 128 127 128 128 127 127 128 128 127 128 128 128 127 127 128 128 128 128 
34953 3215.803943000 128 127 128 128 128 127 127 128 127 127 127 128 128 127 128 127 128 128 128 128 127 127 128 127 128 
34954 3215.817830500 128 128 129 128 128 128 128 127 127 128 128 128 127 128 128 127 127 128 128 127 128 128 128 127 127 
34955 3215.831718000 128 128 128 128 127 128 128 127 127 128 128 127 128 128 128 127 128 128 127 127 128 127 128 128 127 
34956 3215.845605500 129 128 128 128 128 128 128 128 128 127 128 128 127 128 128 127 128 128 127 127 128 128 127 128 128 
34957 3215.859493000 128 128 128 128 127 128 128 127 128 127 127 128 128 127 128 128 127 128 128 127 127 128 127 128 128 
34958 3215.873380500 128 128 127 128 127 128 127 127 128 128 127 127 128 128 128 127 128 128 128 127 127 128 128 127 128 
34959 3215.887268000 128 127 128 127 128 127 128 128 127 128 128 127 128 128 127 128 128 128 127 128 128 127 128 128 128 
34960 3215.901155500 127 127 127 128 127 128 127 128 128 127 127 128 128 127 127 127 127 127 128 128 127 128 128 128 128 
34961 3215.915043000 127 128 127 128 128 127 128 128 127 128 128 127 128 128 127 128 128 128 127 128 128 127 127 128 128 
34962 3215.928930500 128 128 128 128 128 127 128 127 127 128 128 127 127 128 128 127 128 128 127 129 128 128 128 128 128 
34963 3215.942818000 128 127 127 128 127 128 127 127 128 127 128 128 127 128 128 128 127 128 128 128 128 128 127 128 128 
34964 3215.956705500 127 128 128 127 128 128 127 127 128 127 127 128 128 128 127 128 128 127 127 128 128 128 128 127 129 
34965 3215.970593000 128 128 128 128 128 128 128 127 128 128 127 128 128 127 127 128 128 127 128 128 128 127 127 128 128 
34966 3215.984480500 127 128 127 127 128 127 127 128 128 128 128 128 127 128 128 128 128 127 128 128 127 129 128 127 128 
34967 3215.998368000 128 127 128 128 127 128 127 128 127 127 128 128 128 127 127 128 127 128 128 128 128 127 127 128 127 
34968 3216.012255500 127 128 128 128 127 128 128 127 129 128 127 128 128 127 128 127 127 127 128 128 128 127 128 128 127 
34969 3216.026143000 128 128 128 128 128 127 127 128 128 127 127 128 128 127 128 128 120 112 104 098 093 089 088 088 089 
34970 3216.040030500 093 098 102 111 118 126 134 144 152 160 168 174 179 183 185 187 185 183 178 173 167 158 151 141 132 
34971 3216.053918000 122 113 105 097 090 085 080 079 078 078 079 084 089 095 102 111 119 128 137 147 154 163 169 174 178 
34972 3216.067805500 181 182 181 178 174 169 163 155 148 138 129 120 111 102 094 089 084 079 076 076 076 078 083 087 094 
34973 3216.081693000 100 110 118 126 137 146 155 162 168 174 178 180 180 181 178 173 169 162 155 146 138 129 118 110 102 
34974 3216.095580500 094 087 083 078 077 075 076 079 082 086 094 100 108 118 127 135 146 154 161 168 174 177 179 181 180 
34975 3216.109468000 177 174 169 162 155 146 138 128 118 111 101 094 088 083 078 076 076 076 077 081 088 094 101 108 118 
34976 3216.123355500 127 136 145 154 161 168 173 178 180 180 180 177 173 169 162 154 147 137 128 120 110 101 094 088 082 
34977 3216.137243000 078 077 075 075 078 081 088 093 100 109 118 126 135 146 153 161 167 172 177 180 180 180 177 174 169 
34978 3216.151130500 162 154 147 138 128 119 109 103 094 087 082 079 076 075 077 078 081 087 094 101 109 118 127 136 145 
34979 3216.165018000 153 162 168 173 177 179 181 180 177 174 169 162 154 147 137 128 120 109 102 094 088 083 078 077 075 
34980 3216.178905500 075 079 081 087 094 101 109 118 126 136 145 154 161 168 173 177 179 181 180 177 174 169 162 154 146 
34981 3216.192793000 138 129 119 110 102 094 088 083 078 077 075 076 078 081 087 093 101 109 116 127 136 145 153 161 168 
34982 3216.206680500 173 178 179 180 180 178 174 168 162 155 147 138 128 120 110 101 095 088 083 078 077 075 075 078 082 
34983 3216.220568000 086 094 101 108 118 126 135 146 153 161 167 173 177 179 181 180 178 173 169 162 154 147 137 128 120 
34984 3216.234455500 110 101 094 088 082 079 077 075 076 079 082 087 092 100 109 118 126 136 145 154 161 167 174 177 180 
34985 3216.248343000 181 180 179 174 169 162 154 147 138 128 119 110 101 095 087 082 079 076 074 075 079 082 086 094 101 
34986 3216.262230500 109 117 127 136 145 154 161 167 174 177 179 180 180 178 174 169 162 155 146 137 129 119 110 102 095 
34987 3216.276118000 088 082 079 076 075 076 079 082 087 092 101 109 116 126 136 145 153 161 168 172 177 179 180 181 177 
34988 3216.290005500 174 168 163 155 147 137 128 120 111 102 094 089 083 078 076 076 075 077 082 087 092 101 108 116 127 
34989 3216.303893000 135 146 153 161 168 173 177 180 180 180 178 174 169 162 154 146 138 128 119 111 102 094 087 083 079 
34990 3216.317780500 076 076 076 077 082 086 093 101 108 117 127 136 144 153 161 167 174 177 180 180 181 178 174 169 163 
34991 3216.331668000 155 146 138 129 119 111 101 095 088 083 078 077 076 075 079 082 086 093 100 109 118 126 135 145 153 
34992 3216.345555500 160 168 173 178 179 180 181 177 174 169 162 155 146 138 129 119 110 103 095 088 082 079 077 075 075 
34993 3216.359443000 078 081 086 093 100 109 117 126 136 145 153 160 168 173 177 180 180 180 178 174 169 162 155 147 137 
34994 3216.373330500 129 120 110 101 095 087 082 079 076 075 075 079 082 086 094 100 108 116 127 136 145 153 162 168 173 
34995 3216.387218000 177 180 180 180 178 174 170 163 155 147 138 128 120 111 102 094 088 083 079 076 076 076 078 081 087 
34996 3216.401105500 093 100 109 116 127 135 145 153 161 167 174 177 180 181 180 178 174 169 162 156 147 138 128 119 111 
34997 3216.414993000 102 094 088 082 079 077 075 075 078 082 086 093 100 108 117 126 135 144 153 161 167 173 177 180 180 
34998 3216.428880500 180 178 174 170 163 155 147 137 128 120 111 101 095 088 082 079 077 075 075 078 082 087 093 099 108 
34999 3216.442768000 117 125 136 144 153 161 168 172 178 179 180 180 178 174 169 163 155 147 137 128 120 111 101 095 088 
35000 3216.456655500 083 078 077 075 075 078 081 086 093 099 108 117 126 135 144 153 160 167 173 177 180 180 179 178 174 
35001 3216.470543000 170 163 155 147 138 128 120 111 103 094 088 084 079 076 075 076 078 081 087 093 099 108 118 126 135 
35002 3216.484430500 144 153 160 167 173 177 180 180 179 178 174 168 162 155 147 138 129 120 110 102 095 088 082 080 076 
35003 3216.498318000 075 076 078 081 086 093 099 109 117 126 135 145 153 161 167 173 177 179 180 180 178 174 169 163 156 
35004 3216.512205500 147 137 130 120 111 102 094 088 083 079 075 076 076 077 081 087 092 100 109 117 125 136 144 152 161 
35005 3216.526093000 167 172 177 180 180 180 178 175 169 162 156 147 137 130 120 111 103 095 088 084 079 076 074 076 079 
35006 3216.539980500 082 086 093 099 109 117 126 136 144 152 160 167 172 176 180 181 180 178 174 169 163 155 146 138 130 
35007 3216.553868000 120 110 102 095 088 083 079 076 074 076 078 081 087 093 100 108 117 126 135 144 153 161 167 173 177 
35008 3216.567755500 179 181 180 178 175 169 163 155 147 138 129 120 110 103 095 088 083 080 076 074 075 078 081 087 093 
35009 3216.581643000 100 108 116 127 135 145 153 160 167 173 176 179 181 180 179 175 169 163 155 148 139 129 120 112 103 
35010 3216.595530500 094 089 083 078 077 076 075 077 082 086 092 100 108 117 125 136 144 152 160 167 172 176 179 181 180 
35011 3216.609418000 177 174 169 162 156 146 139 129 119 111 102 095 089 084 079 076 076 076 077 081 087 092 100 108 117 
35012 3216.623305500 126 136 143 153 160 167 172 177 179 181 179 178 174 169 163 155 146 139 129 119 111 103 094 089 083 
35013 3216.637193000 079 076 075 075 078 080 087 093 100 107 117 126 135 145 153 160 168 172 177 179 180 180 178 175 169 
35014 3216.651080500 163 156 147 138 130 120 110 103 095 088 084 079 076 076 076 078 080 087 093 099 107 117 126 135 144 
35015 3216.664968000 153 160 167 173 176 180 180 180 177 175 169 163 156 147 138 129 120 111 103 094 089 083 078 076 076 
35016 3216.678855500 075 078 081 087 092 100 108 116 127 135 144 153 161 167 172 177 179 180 179 179 175 169 164 155 147 
35017 3216.692743000 138 130 120 111 103 094 089 083 079 076 076 076 077 081 086 092 100 108 117 125 135 144 152 160 167 
35018 3216.706630500 173 177 180 180 181 178 175 169 163 156 147 138 129 121 111 102 095 089 083 079 077 076 075 077 082 
35019 3216.720518000 086 092 100 108 117 125 134 144 153 160 167 173 176 179 181 180 177 175 169 163 155 148 138 129 120 
35020 3216.734405500 111 103 094 089 084 079 076 076 075 077 082 086 092 099 108 116 126 135 144 152 161 167 172 176 180 
35021 3216.748293000 180 180 178 174 169 163 156 147 138 129 120 111 102 096 089 082 080 077 075 075 077 082 086 092 099 
35022 3216.762180500 107 117 125 135 144 153 160 167 173 176 179 181 180 178 174 169 162 156 147 138 129 121 111 103 094 
35023 3216.776068000 088 083 079 076 076 076 078 081 085 092 099 107 117 125 134 144 153 160 167 172 177 179 180 181 178 
35024 3216.789955500 174 169 163 156 147 139 130 120 111 103 095 088 083 080 077 075 076 078 080 087 093 099 107 117 125 
35025 3216.803843000 134 144 153 160 168 172 176 180 181 180 177 174 170 163 155 147 138 129 119 110 103 094 089 084 079 
35026 3216.817730500 076 076 076 077 082 085 092 100 107 116 126 135 144 152 161 167 172 177 179 181 180 178 175 169 163 
35027 3216.831618000 156 147 139 130 120 111 102 095 089 084 079 076 076 075 077 082 087 092 099 108 116 125 135 144 152 
35028 3216.845505500 160 167 172 177 179 181 180 177 175 170 163 155 148 138 129 121 111 103 096 089 083 078 077 076 076 
35029 3216.859393000 077 082 085 093 099 108 116 125 134 144 152 159 167 172 177 180 180 180 178 175 170 163 156 147 138 
35030 3216.873280500 129 121 111 104 095 089 083 079 076 075 076 078 080 086 093 099 108 117 125 135 143 153 160 167 172 
35031 3216.887168000 177 179 181 180 177 174 169 164 156 147 139 129 121 112 102 095 089 083 079 076 076 076 077 082 086 
35032 3216.901055500 091 100 107 117 125 134 144 152 160 167 172 176 179 181 180 178 175 169 163 156 148 138 129 121 111 
35033 3216.914943000 102 096 089 083 078 077 074 076 078 081 085 092 100 107 116 126 134 143 152 160 167 172 176 179 180 
35034 3216.928830500 180 178 174 170 163 155 148 139 129 121 112 103 096 089 083 079 077 076 076 077 082 086 091 099 108 
35035 3216.942718000 116 124 135 143 153 160 167 173 176 179 181 180 178 175 170 163 156 148 139 129 121 112 102 096 089 
35036 3216.956605500 083 080 076 076 076 077 082 086 091 100 107 115 126 134 142 153 160 166 172 177 179 180 181 178 174 
35037 3216.970493000 169 164 156 147 139 129 121 111 102 096 089 083 079 076 076 076 077 080 086 092 099 107 116 126 134 
35038 3216.984380500 143 153 160 167 172 177 179 180 180 179 174 169 163 156 148 138 130 121 111 102 096 089 083 079 077 
35039 3216.998268000 075 075 078 081 086 092 099 106 117 125 134 143 153 160 166 173 176 179 180 181 178 174 169 164 156 
35040 3217.012155500 148 139 130 120 112 102 096 089 083 079 077 076 075 077 082 086 091 100 108 116 124 135 143 152 160 
35041 3217.026043000 167 172 177 179 180 180 178 175 170 163 156 148 139 130 120 112 103 096 088 083 080 077 074 076 078 
35042 3217.039930500 081 085 093 099 107 117 125 134 144 152 159 167 172 176 179 181 180 178 175 170 164 156 147 139 131 
35043 3217.053818000 121 112 104 095 090 084 078 076 076 075 077 081 085 092 099 107 116 125 134 144 152 160 166 173 177 
35044 3217.067705500 179 181 180 178 174 169 163 156 148 139 129 121 111 103 096 088 083 080 076 075 076 077 080 086 092 
35045 3217.081593000 099 107 116 125 133 143 151 160 167 172 177 179 180 180 178 174 169 164 156 148 139 131 121 112 103 
35046 3217.095480500 096 088 084 079 077 075 076 078 081 086 092 099 107 116 125 134 143 152 160 166 172 177 179 180 180 
35047 3217.109368000 178 175 170 164 156 148 139 130 121 112 102 096 089 083 078 077 075 075 077 082 085 091 100 108 115 
35048 3217.123255500 125 134 144 152 160 167 172 176 180 180 180 178 175 170 163 156 148 139 131 121 112 103 095 089 084 
35049 3217.137143000 079 077 074 076 078 081 086 091 100 107 115 126 134 143 153 160 166 172 177 179 180 181 178 174 171 
35050 3217.151030500 164 156 148 139 130 120 112 104 095 089 084 079 076 076 076 077 081 086 091 099 107 116 124 133 144 
35051 3217.164918000 151 159 167 172 177 179 180 180 178 174 170 164 156 148 140 130 121 111 104 096 088 083 080 077 075 
35052 3217.178805500 076 078 080 086 092 098 108 116 124 135 143 151 160 167 172 176 179 181 180 178 174 170 163 157 148 
35053 3217.192693000 139 131 121 112 104 095 090 084 079 076 076 075 077 081 085 092 099 107 115 125 134 143 152 160 167 
35054 3217.206580500 172 176 179 180 181 178 175 170 163 156 149 139 130 120 113 104 095 089 084 079 076 076 076 077 081 
35055 3217.220468000 085 091 099 106 116 124 133 143 152 159 166 173 176 179 180 181 178 174 170 164 156 149 140 131 121 
35056 3217.234355500 112 103 095 089 084 078 077 075 076 078 081 085 092 099 106 116 124 134 143 152 159 167 172 176 179 
35057 3217.248243000 180 180 179 175 170 164 156 149 140 130 121 112 104 096 089 084 079 076 076 076 077 080 086 092 098 
35058 3217.262130500 107 116 124 134 143 152 160 166 172 177 179 180 179 179 175 170 163 156 148 139 130 122 112 103 095 
35059 3217.276018000 090 083 080 076 076 076 076 081 086 091 099 107 115 124 134 144 152 159 167 172 176 179 180 180 178 
35060 3217.289905500 175 170 163 157 148 140 131 121 112 103 096 090 083 079 077 075 075 078 081 085 092 099 106 116 125 
35061 3217.303793000 134 142 152 159 167 172 177 179 180 180 178 175 169 164 157 148 140 131 121 112 104 096 089 084 080 
35062 3217.317680500 076 076 076 077 081 085 092 099 106 116 125 134 142 152 160 166 173 177 179 180 180 178 175 170 163 
35063 3217.331568000 157 148 139 131 121 112 104 095 089 084 079 076 076 076 077 080 086 092 098 107 116 124 133 143 151 
35064 3217.345455500 160 166 172 176 179 180 181 178 174 170 164 157 148 139 131 121 113 104 096 090 084 079 077 075 075 
35065 3217.359343000 078 081 086 092 098 107 115 124 134 143 151 160 166 172 177 179 180 181 178 174 170 163 157 148 139 
35066 3217.373230500 131 121 112 104 096 090 084 079 076 076 075 077 081 086 091 098 107 116 124 134 143 152 159 166 172 
35067 3217.387118000 176 179 181 180 179 175 170 163 157 148 139 131 122 113 103 097 089 083 079 077 076 075 077 080 086 
35068 3217.401005500 091 099 107 115 125 134 142 151 160 166 172 176 179 181 180 178 175 170 164 156 149 140 130 121 113 
35069 3217.414893000 104 096 090 084 079 077 075 076 078 080 086 091 098 107 115 124 134 143 151 159 167 172 176 179 181 
35070 3217.428780500 180 178 175 170 164 157 148 139 131 122 112 103 096 089 083 078 078 075 075 077 080 086 091 098 106 
35071 3217.442668000 116 124 133 143 152 159 167 172 176 179 181 180 179 175 170 164 157 148 140 131 122 112 105 096 090 
35072 3217.456555500 084 079 077 075 075 078 081 084 092 099 107 115 124 133 143 151 159 165 172 176 179 181 180 178 175 
35073 3217.470443000 170 164 157 149 139 131 121 112 105 097 089 084 080 077 074 076 078 081 086 091 098 107 115 124 133 
35074 3217.484330500 143 151 159 166 172 176 179 180 181 178 175 170 164 156 149 140 130 121 113 104 096 089 084 079 077 
35075 3217.498218000 075 076 078 080 086 091 099 107 115 124 133 143 152 159 167 172 176 179 180 181 178 174 170 164 156 
35076 3217.512105500 148 140 131 121 113 103 097 090 083 080 077 075 075 078 081 084 092 099 107 114 124 134 142 151 159 
35077 3217.525993000 166 172 176 179 180 180 178 175 171 164 156 149 140 131 121 113 104 096 090 083 080 077 075 076 078 
35078 3217.539880500 080 086 091 098 107 115 124 134 143 151 159 167 172 176 179 180 180 178 175 171 164 156 149 140 131 
35079 3217.553768000 122 113 103 096 089 084 079 076 075 076 078 080 085 092 099 106 116 124 134 142 152 160 166 171 175 
35080 3217.567655500 180 180 180 178 175 170 164 156 148 140 131 121 113 104 096 090 084 079 085 104 112 113 115 116 117 
35081 3217.581543000 119 119 119 121 122 122 123 123 123 125 125 124 125 126 126 125 126 126 127 126 126 127 126 127 127 
35082 3217.595430500 127 128 127 127 127 127 128 127 127 128 127 127 127 128 127 127 127 128 128 127 127 128 128 127 128 
35083 3217.609318000 128 127 128 128 127 128 128 128 128 128 127 128 128 127 128 128 128 128 127 128 128 127 127 128 128 
35084 3217.623205500 128 128 128 128 128 128 127 127 128 128 128 128 128 127 128 128 127 128 128 127 128 128 127 127 128 
35085 3217.637093000 128 127 128 127 129 127 127 128 128 127 127 128 128 127 128 128 128 127 128 128 127 129 128 127 127 
35086 3217.650980500 128 128 127 128 128 127 128 128 127 128 128 127 128 128 128 127 127 128 127 127 128 128 127 127 127 
35087 3217.664868000 128 128 127 128 128 127 128 128 128 128 128 127 128 128 128 127 129 127 128 128 128 127 129 128 128 
35088 3217.678755500 128 127 128 127 128 128 128 127 128 128 127 127 128 127 127 128 128 128 127 127 128 127 127 128 127 
35089 3217.692643000 128 128 128 127 128 128 128 128 128 128 128 127 128 128 127 128 128 128 127 128 128 127 129 128 128 
35090 3217.706530500 127 129 128 127 128 127 128 128 128 127 127 128 128 127 127 128 128 128 127 128 128 127 127 128 128 
35091 3217.720418000 128 127 128 128 128 128 128 128 127 128 128 128 127 127 128 128 127 127 128 128 128 128 128 128 127 
35092 3217.734305500 128 128 128 128 128 128 128 127 128 128 127 127 128 128 128 127 128 128 128 127 127 128 128 127 128 
35093 3217.748193000 128 127 128 127 128 128 127 128 128 128 128 128 128 127 128 128 127 127 128 128 127 127 128 128 127 
35094 3217.762080500 127 128 127 127 127 128 127 127 128 127 127 128 128 127 128 128 127 127 128 128 127 128 128 128 127 
35095 3217.775968000 128 128 128 127 128 128 127 128 128 128 127 128 128 127 128 128 127 128 128 128 127 128 128 128 127 
35096 3217.789855500 128 128 127 128 128 128 128 127 128 128 128 127 128 128 128 127 127 128 127 127 127 128 127 128 128 
35097 3217.803743000 127 128 128 127 128 127 128 128 128 128 128 127 127 128 128 128 128 127 128 128 128 127 128 128 128 
35098 3217.817630500 127 128 127 129 128 128 128 129 128 128 129 128 128 128 128 127 127 128 128 127 127 128 128 127 127 
35099 3217.831518000 128 127 127 128 127 128 127 127 128 128 127 128 128 127 127 128 128 128 127 127 128 127 129 128 128 
35100 3217.845405500 127 128 128 128 128 128 128 128 127 128 128 127 128 127 127 128 128 128 127 128 128 127 127 128 128 
35101 3217.859293000 127 128 128 128 128 127 128 128 128 128 128 128 128 127 127 128 128 127 127 128 127 128 128 127 128 
35102 3217.873180500 128 128 127 127 128 128 127 128 128 127 127 128 127 127 127 128 128 127 127 128 128 127 128 128 127 
35103 3217.887068000 128 128 127 128 127 128 127 128 128 127 128 128 128 127 128 128 127 127 128 128 127 128 128 127 128 
35104 3217.900955500 128 128 127 128 128 128 128 127 127 129 128 128 127 128 128 128 128 128 128 127 127 128 128 127 128 
35105 3217.914843000 128 127 128 128 127 128 128 127 128 128 127 128 128 127 128 128 127 127 128 128 128 127 128 128 128 
35106 3217.928730500 127 128 128 128 128 128 128 128 127 127 128 128 127 128 128 128 127 128 128 128 127 127 128 128 128 
35107 3217.942618000 127 128 128 129 128 129 128 128 127 128 128 127 128 128 127 128 128 127 128 128 127 128 128 127 128 
35108 3217.956505500 128 127 128 127 128 127 127 128 128 127 127 128 128 128 127 128 128 127 127 127 128 127 127 128 128 
35109 3217.970393000 127 128 128 127 128 127 128 128 127 127 129 128 128 127 128 128 127 127 128 128 127 127 128 128 127 
35110 3217.984280500 128 128 128 128 127 128 128 128 128 127 127 128 127 127 128 127 127 127 128 127 127 128 128 128 127 
35111 3217.998168000 128 128 127 128 128 127 128 128 127 128 128 128 127 127 128 128 127 127 128 127 127 128 128 127 128 
35112 3218.012055500 128 128 127 128 128 128 128 127 128 128 127 128 128 128 127 128 128 128 128 127 128 128 128 129 128 
35113 3218.025943000 128 127 128 128 127 128 127 128 128 128 127 128 128 128 127 128 128 128 127 127 128 128 127 128 128 
35114 3218.039830500 127 128 127 127 128 127 128 128 127 128 127 127 128 128 127 128 127 127 128 128 127 127 128 128 127 
35115 3218.053718000 128 128 127 128 127 128 128 127 127 128 128 127 128 128 127 127 128 128 127 127 128 128 127 128 128 
35116 3218.067605500 127 128 127 128 128 127 128 128 128 128 127 128 128 127 127 128 128 127 128 128 127 128 128 127 127 
35117 3218.081493000 128 128 127 128 127 128 128 128 128 127 127 128 128 127 128 128 127 127 128 128 127 128 127 127 127 
35118 3218.095380500 128 127 128 128 128 128 127 127 128 127 128 128 127 128 128 127 128 129 127 128 128 127 128 128 127 
35119 3218.109268000 129 128 128 127 128 127 128 128 128 128 127 127 128 128 127 127 128 127 127 128 128 127 128 128 128 
35120 3218.123155500 127 128 128 127 128 127 128 128 127 127 128 128 128 127 128 128 128 127 127 128 128 127 128 128 127 
35121 3218.137043000 128 128 127 129 128 127 128 128 127 127 128 128 128 128 127 129 128 127 127 128 128 127 128 128 127 
35122 3218.150930500 127 128 127 128 128 128 127 127 128 127 127 128 128 128 127 127 128 128 128 127 128 127 128 128 127 
35123 3218.164818000 128 128 127 127 128 127 128 128 127 127 128 128 127 127 128 128 127 127 128 128 127 128 128 128 127 
35124 3218.178705500 129 128 128 127 128 127 127 128 128 127 127 128 128 128 127 127 128 128 127 128 128 127 128 128 127 
35125 3218.192593000 127 128 127 128 127 128 128 128 127 127 129 128 128 128 127 128 128 127 128 128 127 128 128 127 129 
35126 3218.206480500 128 127 128 128 127 128 127 128 128 127 128 128 127 128 128 127 127 128 128 127 128 128 128 128 128 
35127 3218.220368000 127 128 127 128 128 127 128 128 128 128 128 128 127 128 128 128 127 128 128 127 128 128 127 127 128 
35128 3218.234255500 128 127 128 128 127 129 128 127 128 128 127 128 128 127 128 128 127 128 128 128 127 128 128 127 127 
35129 3218.248143000 128 128 127 128 128 128 128 127 127 128 128 127 128 128 127 127 128 128 127 128 127 128 128 127 128 
35130 3218.262030500 128 128 127 128 127 128 127 128 127 127 128 128 128 128 128 127 127 127 128 128 127 127 128 127 128 
35131 3218.275918000 128 128 128 127 128 128 127 128 128 127 128 128 127 127 128 127 128 128 128 127 128 128 127 128 128 
35132 3218.289805500 128 128 128 128 127 128 128 127 127 128 128 127 127 128 127 128 128 128 127 128 128 127 127 128 128 
35133 3218.303693000 127 128 127 128 127 128 128 127 128 128 128 127 128 128 127 128 128 128 127 128 127 127 128 128 128 
35134 3218.317580500 127 128 128 128 128 128 128 127 127 128 128 127 127 129 128 128 128 128 128 127 128 128 127 128 128 
35135 3218.331468000 127 128 127 128 128 128 128 127 128 128 127 128 128 127 128 128 127 127 127 128 128 127 128 128 128 
35136 3218.345355500 128 128 128 128 127 128 127 128 128 128 127 128 128 128 127 128 128 127 128 127 128 128 128 127 128 
35137 3218.359243000 128 128 127 128 127 128 127 128 128 127 128 128 127 127 128 128 127 127 128 128 127 127 127 128 128 
35138 3218.373130500 128 128 128 128 127 128 127 127 127 128 128 127 128 128 127 129 128 128 127 128 128 127 128 128 127 
35139 3218.387018000 128 128 127 129 128 128 128 127 127 128 128 128 127 127 128 128 127 127 128 128 128 127 127 128 128 
35140 3218.400905500 127 127 128 127 128 127 127 128 128 127 128 127 127 128 128 127 128 128 128 127 128 127 127 128 128 
35141 3218.414793000 127 128 127 128 128 128 127 127 127 128 127 127 128 128 127 128 127 127 128 128 127 127 128 128 128 
