35742 3226.761180500 127 128 127 128 128 126 128 127 128 127 127 128 127 127 127 128 128 127 128 127 127 128 127 128 128 
35743 3226.775068000 127 128 127 127 128 127 127 127 127 127 127 127 127 128 127 128 127 127 127 127 127 127 127 128 128 
35744 3226.788955500 127 128 127 128 127 127 128 127 128 127 127 128 127 128 127 128 127 128 127 127 128 128 127 128 128 
35745 3226.802843000 127 128 128 128 128 127 128 127 128 127 128 127 127 128 127 127 128 127 128 128 127 128 127 127 127 
35746 3226.816730500 128 127 128 128 127 127 128 127 127 127 128 127 128 127 127 127 127 128 127 128 128 127 128 127 127 
35747 3226.830618000 127 128 127 127 127 128 128 128 127 127 127 127 128 127 127 128 127 127 127 128 127 127 127 127 127 
35748 3226.844505500 128 127 128 127 127 127 128 127 127 128 127 128 127 127 128 127 128 128 128 127 128 127 128 127 128 
35749 3226.858393000 127 127 128 127 128 127 127 127 128 127 128 127 127 127 127 128 127 127 128 127 127 128 127 128 128 
35750 3226.872280500 127 128 127 128 127 128 127 128 127 128 127 128 127 127 128 127 127 128 127 127 127 127 127 127 128 
35751 3226.886168000 127 128 128 127 128 127 127 128 127 128 127 128 128 127 127 128 128 127 128 127 128 127 127 128 128 
35752 3226.900055500 127 127 127 127 128 127 128 127 128 127 128 128 127 128 127 127 127 127 128 127 128 128 127 128 127 
35753 3226.913943000 128 128 127 127 127 127 128 127 128 127 128 128 127 127 127 128 128 127 127 128 127 127 128 127 127 
35754 3226.927830500 127 128 127 127 128 127 127 127 127 127 128 127 128 128 127 127 128 127 128 127 127 128 127 128 128 
35755 3226.941718000 127 128 127 127 127 127 127 127 128 127 128 128 127 128 127 128 127 128 128 127 128 127 127 128 127 
35756 3226.955605500 127 128 127 128 128 127 128 127 127 128 127 128 127 128 127 128 127 127 127 127 128 127 127 128 127 
35757 3226.969493000 128 128 127 128 127 128 127 127 128 127 128 127 128 127 127 127 127 126 128 127 128 127 128 128 127 
35758 3226.983380500 128 127 127 127 127 128 127 127 127 127 127 127 128 128 127 127 128 127 127 128 127 128 127 127 127 
35759 3226.997268000 127 127 128 127 128 128 127 128 127 127 127 128 127 128 127 127 128 127 127 127 128 127 126 128 127 
35760 3227.011155500 126 128 127 128 127 128 127 128 127 128 127 128 127 127 128 126 127 127 127 128 127 128 127 128 128 
35761 3227.025043000 127 128 127 128 127 127 128 127 128 127 127 128 127 128 128 127 128 128 127 128 127 127 128 127 127 
35762 3227.038930500 128 127 127 128 128 127 128 127 128 127 128 127 127 127 127 127 128 127 127 128 127 128 128 128 128 
35763 3227.052818000 127 128 127 127 128 127 127 127 128 127 127 128 127 128 127 127 128 127 127 128 127 128 127 127 127 
35764 3227.066705500 127 128 127 127 128 127 127 128 127 127 128 127 127 128 127 128 127 128 127 128 127 128 127 128 127 
35765 3227.080593000 127 127 127 127 127 128 127 128 127 128 127 128 127 127 128 127 127 127 127 127 127 128 127 128 128 
35766 3227.094480500 127 128 127 127 128 127 127 128 127 128 127 128 127 127 128 127 127 128 127 127 128 127 127 128 127 
35767 3227.108368000 128 128 127 128 127 128 127 127 128 127 128 128 127 127 128 127 128 127 128 127 128 128 127 127 127 
35768 3227.122255500 127 128 127 127 128 127 128 128 127 128 128 127 128 127 128 127 128 127 127 128 127 128 127 127 127 
35769 3227.136143000 127 127 127 128 127 128 128 127 128 127 128 127 127 128 127 128 128 127 128 127 127 128 127 127 127 
35770 3227.150030500 128 127 128 127 128 127 127 128 127 128 127 127 127 127 128 127 128 127 128 127 127 127 127 128 127 
35771 3227.163918000 128 127 128 127 127 128 127 127 127 128 127 128 128 127 128 127 128 127 127 128 127 127 127 127 128 
35772 3227.177805500 127 128 127 127 128 127 128 127 128 127 128 127 128 127 128 127 127 128 128 127 127 128 128 127 128 
35773 3227.191693000 128 127 128 127 128 127 127 127 127 127 128 127 128 128 128 127 127 127 128 127 127 128 127 128 127 
35774 3227.205580500 128 127 127 127 127 127 126 127 128 128 127 127 127 128 127 128 127 128 128 127 128 127 128 127 128 
35775 3227.219468000 129 127 128 127 127 128 127 127 128 127 128 128 127 128 127 127 128 127 127 127 128 127 127 127 127 
35776 3227.233355500 128 128 127 128 127 128 128 127 128 127 128 127 128 127 128 127 128 127 128 128 127 128 127 127 127 
35777 3227.247243000 127 128 127 128 127 128 127 127 127 127 128 127 127 128 127 128 127 128 127 127 128 127 127 127 128 
35778 3227.261130500 127 128 127 127 128 128 127 127 128 128 127 127 127 127 128 128 128 128 127 127 128 127 128 128 127 
35779 3227.275018000 128 127 127 127 127 128 127 127 128 127 128 127 127 128 127 127 127 127 128 127 128 127 128 128 127 
35780 3227.288905500 127 128 126 128 127 128 128 127 128 128 128 128 127 128 127 128 127 128 127 128 127 127 128 127 128 
35781 3227.302793000 128 127 128 127 127 127 127 128 127 127 128 127 128 127 128 127 128 127 127 128 127 128 127 128 127 
35782 3227.316680500 128 127 128 127 128 127 128 127 127 128 127 128 128 127 128 127 128 127 127 128 127 128 127 128 127 
35783 3227.330568000 128 127 127 127 127 127 127 128 128 127 128 128 127 128 127 128 127 128 127 127 128 127 128 127 127 
35784 3227.344455500 128 127 127 127 128 128 127 127 128 127 128 127 127 128 128 127 127 127 127 128 127 127 128 127 128 
35785 3227.358343000 127 128 127 127 128 127 127 128 127 127 128 127 128 127 127 128 127 128 127 128 128 127 128 127 128 
35786 3227.372230500 127 127 128 127 128 128 127 127 127 127 127 128 128 127 127 128 127 128 127 128 127 127 128 127 127 
35787 3227.386118000 127 128 127 127 128 127 127 128 127 127 127 127 128 127 128 127 127 128 127 128 127 128 127 128 127 
35788 3227.400005500 128 127 127 128 127 128 127 127 128 127 127 127 127 128 127 128 128 127 127 128 127 127 128 127 127 
35789 3227.413893000 127 127 127 127 127 128 127 128 127 128 127 127 127 128 127 128 127 127 128 127 127 128 127 128 128 
35790 3227.427780500 127 127 127 128 127 127 127 127 127 128 127 128 128 127 127 127 127 128 127 127 128 127 127 128 127 
35791 3227.441668000 127 128 127 128 128 127 128 128 127 127 127 127 128 128 128 127 128 128 127 128 127 127 128 128 127 
35792 3227.455555500 128 127 127 127 125 121 113 107 100 095 090 088 085 086 088 091 095 102 107 115 124 132 141 149 159 
35793 3227.469443000 165 173 176 181 183 183 183 181 177 172 165 158 149 141 131 123 113 105 096 091 086 080 079 077 079 
35794 3227.483330500 079 084 088 095 101 110 118 128 136 145 153 161 167 173 176 180 180 179 178 173 169 163 155 147 138 
35795 3227.497218000 129 119 111 102 095 088 083 080 077 076 076 078 082 087 093 100 109 117 126 135 144 152 160 167 172 
35796 3227.511105500 176 179 179 179 177 173 168 162 155 146 138 128 120 110 103 094 089 083 078 076 077 075 079 082 086 
35797 3227.524993000 094 099 109 116 126 135 144 153 160 167 172 175 179 179 179 177 173 169 162 155 147 138 128 120 111 
35798 3227.538880500 102 095 088 083 079 076 076 076 078 082 086 092 099 108 117 125 135 143 152 159 167 171 176 179 179 
35799 3227.552768000 178 178 173 168 162 154 147 138 128 119 111 102 095 088 082 079 077 075 076 079 081 087 092 100 108 
35800 3227.566655500 116 126 135 145 152 160 167 172 175 179 179 179 177 173 168 162 154 147 137 129 119 110 103 094 089 
35801 3227.580543000 083 079 076 076 075 079 081 087 093 100 108 116 126 135 145 152 160 167 172 176 178 179 179 177 173 
35802 3227.594430500 168 163 154 147 139 129 120 111 102 095 088 083 080 077 075 076 078 082 087 092 100 108 116 126 135 
35803 3227.608318000 143 152 160 167 172 175 178 179 179 177 173 168 163 154 147 137 129 119 111 103 095 087 084 078 077 
35804 3227.622205500 076 075 079 081 086 093 099 108 116 125 135 143 152 159 167 171 176 178 180 179 177 173 168 162 154 
35805 3227.636093000 147 138 128 120 111 102 095 088 084 079 077 076 077 078 081 087 092 100 107 117 126 135 144 152 160 
35806 3227.649980500 166 172 175 179 179 179 177 173 168 162 155 146 138 128 120 112 103 095 088 083 080 076 076 075 078 
35807 3227.663868000 082 087 093 099 108 116 125 135 144 152 160 167 172 176 178 179 179 177 173 169 162 154 147 137 129 
35808 3227.677755500 119 111 103 095 088 083 079 076 075 076 079 081 087 093 100 108 116 126 135 143 152 159 167 172 176 
35809 3227.691643000 178 180 178 177 173 169 162 155 146 139 129 120 111 103 095 088 084 078 077 076 076 079 081 086 093 
35810 3227.705530500 099 108 116 126 135 143 152 159 167 171 176 178 179 179 177 173 168 162 155 146 138 128 120 111 102 
35811 3227.719418000 096 088 083 080 076 076 077 079 081 087 093 099 108 116 126 135 143 152 160 166 172 175 178 179 179 
35812 3227.733305500 177 173 169 162 154 147 138 129 120 111 103 095 088 084 079 076 075 077 078 081 087 092 100 107 117 
35813 3227.747193000 125 134 144 151 160 166 172 176 178 180 179 177 174 168 163 155 146 138 129 120 112 102 095 088 083 
35814 3227.761080500 079 077 076 075 078 081 087 092 100 107 117 125 135 143 152 160 166 172 175 178 180 179 177 173 168 
35815 3227.774968000 162 154 147 138 129 120 111 103 094 089 083 079 077 075 076 077 081 087 092 099 108 116 125 134 143 
35816 3227.788855500 152 160 166 172 175 178 180 179 177 173 168 162 155 147 138 129 120 111 103 095 088 083 080 076 076 
35817 3227.802743000 076 077 082 085 093 100 107 116 125 135 143 151 160 167 172 176 178 179 179 176 173 168 163 155 148 
35818 3227.816630500 138 129 120 111 103 095 088 084 080 075 077 076 078 081 086 093 099 107 117 124 135 143 152 160 166 
35819 3227.830518000 172 175 178 179 179 176 174 168 162 155 147 139 129 120 111 102 096 088 083 080 076 076 077 077 082 
35820 3227.844405500 086 093 099 108 115 126 134 143 151 159 166 172 176 178 179 179 177 174 168 162 155 146 139 128 121 
35821 3227.858293000 111 103 095 089 083 080 078 076 076 077 081 087 092 099 108 115 125 135 143 152 160 166 172 175 178 
35822 3227.872180500 179 178 177 173 168 162 155 147 138 129 120 112 103 095 089 084 079 077 075 076 077 082 086 092 100 
35823 3227.886068000 107 117 125 135 144 152 159 167 171 176 178 179 179 178 173 169 162 155 147 138 130 120 111 103 095 
35824 3227.899955500 089 084 080 076 076 075 079 080 087 091 099 108 116 125 134 143 152 159 167 171 176 178 179 179 177 
35825 3227.913843000 174 169 163 155 147 139 129 121 111 103 095 089 083 080 076 076 077 078 081 086 092 099 107 116 125 
35826 3227.927730500 135 143 152 159 166 171 176 178 180 178 177 174 169 163 155 147 138 129 120 112 102 097 088 084 080 
35827 3227.941618000 077 075 076 078 080 087 092 100 108 116 126 134 143 152 159 167 171 175 178 179 179 177 173 168 162 
35828 3227.955505500 155 147 138 129 120 112 103 096 087 085 079 078 075 076 078 081 087 091 099 108 115 126 134 143 151 
35829 3227.969393000 159 167 172 175 179 179 179 177 173 168 162 155 147 139 130 120 111 103 096 088 083 080 076 076 075 
35830 3227.983280500 078 081 086 092 099 108 115 125 133 143 152 159 166 172 175 178 179 179 177 174 168 163 155 147 139 
35831 3227.997168000 129 121 111 103 096 088 085 079 076 075 077 077 082 085 092 099 108 116 125 135 142 152 160 166 171 
35832 3228.011055500 176 178 179 179 177 174 168 163 155 147 138 130 120 111 103 096 088 084 080 076 076 076 078 081 086 
35833 3228.024943000 093 099 107 116 124 134 142 151 159 166 171 176 178 179 179 177 174 169 162 156 147 139 129 120 112 
35834 3228.038830500 103 097 088 085 079 077 076 076 077 082 086 092 099 107 117 125 134 143 151 159 166 172 175 179 179 
35835 3228.052718000 179 177 174 169 163 155 147 139 129 121 111 103 096 089 083 079 077 075 076 078 081 086 092 099 107 
35836 3228.066605500 116 125 135 143 150 160 165 172 175 178 179 179 178 173 169 162 155 148 138 130 121 111 104 095 089 
35837 3228.080493000 083 079 077 076 075 079 080 086 092 100 107 116 124 135 143 152 159 166 172 176 178 179 179 177 174 
35838 3228.094380500 169 162 156 147 139 129 120 112 102 096 088 084 079 076 077 076 079 080 087 092 099 107 116 125 134 
35839 3228.108268000 143 152 159 166 172 175 179 180 179 177 173 169 163 155 147 139 130 120 112 104 095 089 084 079 078 
35840 3228.122155500 076 076 078 081 087 092 099 108 115 125 134 143 152 159 166 172 175 178 179 179 177 174 169 162 155 
35841 3228.136043000 148 138 130 121 111 104 096 089 084 080 077 075 077 077 082 086 092 100 106 115 125 134 143 151 159 
35842 3228.149930500 165 172 175 179 179 179 177 174 168 163 155 148 139 130 120 111 103 096 088 085 079 078 075 077 077 
35843 3228.163818000 082 086 092 099 106 116 124 135 142 152 159 166 171 175 179 179 179 177 173 169 163 156 147 139 129 
35844 3228.177705500 120 112 103 096 089 083 080 078 075 076 078 080 087 092 099 107 115 125 134 142 152 159 166 171 175 
35845 3228.191593000 178 179 179 177 174 168 162 155 147 139 130 121 112 103 095 089 084 079 077 076 076 078 081 085 092 
35846 3228.205480500 098 107 116 124 135 142 152 159 166 171 175 179 179 179 177 174 169 162 156 147 139 130 121 112 103 
35847 3228.219368000 096 088 083 080 077 076 076 077 081 086 091 100 106 116 124 134 143 151 159 166 171 176 178 180 179 
35848 3228.233255500 178 174 169 163 155 148 138 130 121 111 104 095 088 083 079 077 076 075 078 081 085 092 098 107 116 
35849 3228.247143000 124 134 142 151 159 167 171 176 178 179 180 177 174 169 163 156 147 139 130 121 112 104 096 089 084 
35850 3228.261030500 080 077 076 077 077 082 085 092 098 107 115 124 134 142 152 159 165 171 176 178 179 179 177 174 169 
35851 3228.274918000 162 156 148 139 131 121 112 104 095 089 085 079 078 075 076 078 081 086 091 098 107 115 124 134 142 
35852 3228.288805500 151 159 166 171 176 178 179 179 177 174 169 163 155 148 138 130 120 113 103 096 089 083 080 076 076 
35853 3228.302693000 076 078 081 085 092 099 107 115 124 134 142 152 159 167 171 176 178 179 179 177 174 169 163 155 147 
35854 3228.316580500 139 130 121 112 103 096 088 085 079 078 075 077 077 081 086 091 099 107 115 124 134 141 152 159 166 
35855 3228.330468000 171 175 178 180 179 178 174 170 163 156 147 140 130 121 112 104 096 088 084 079 078 075 076 077 080 
35856 3228.344355500 086 091 099 107 115 125 133 142 151 159 166 171 176 179 179 180 178 173 169 163 155 148 139 130 121 
35857 3228.358243000 112 104 095 090 083 080 077 076 075 078 081 086 092 098 107 115 124 134 142 151 159 166 171 175 178 
35858 3228.372130500 179 179 177 174 169 163 156 148 139 130 121 112 104 096 089 084 080 076 076 077 077 080 086 091 099 
35859 3228.386018000 106 115 125 133 142 151 158 166 171 175 178 179 179 177 174 169 163 155 147 139 130 120 113 103 096 
35860 3228.399905500 089 085 080 077 076 075 078 080 086 092 098 107 115 125 133 143 151 159 166 171 175 178 179 179 178 
35861 3228.413793000 174 169 163 155 148 139 130 121 113 103 096 090 084 079 078 075 076 076 082 085 092 098 107 115 124 
35862 3228.427680500 133 142 152 158 166 171 175 178 179 179 177 174 169 164 155 148 139 130 122 112 104 096 089 085 079 
35863 3228.441568000 077 076 077 077 082 085 092 098 106 116 124 134 142 151 159 166 171 175 178 179 179 177 174 169 163 
35864 3228.455455500 156 148 139 130 121 113 103 096 089 085 079 078 076 075 078 081 085 092 098 107 115 124 135 142 151 
35865 3228.469343000 159 165 171 176 178 179 179 177 174 169 163 156 148 139 130 121 113 104 096 089 083 080 077 076 077 
35866 3228.483230500 077 081 086 091 099 107 115 124 134 141 151 158 166 171 176 178 179 179 177 174 170 163 157 148 139 
35867 3228.497118000 130 121 112 104 096 089 084 080 078 075 076 078 080 086 092 099 106 115 124 133 142 151 159 166 172 
35868 3228.511005500 175 178 179 179 178 174 169 163 156 148 139 131 121 113 104 096 089 084 080 078 076 076 078 081 085 
35869 3228.524893000 091 099 106 116 124 133 142 150 159 165 171 175 178 179 179 177 174 170 164 156 149 139 131 121 112 
35870 3228.538780500 105 096 089 084 079 078 075 076 078 080 086 091 098 106 115 125 133 141 151 158 165 171 175 178 179 
35871 3228.552668000 179 178 174 170 163 156 149 139 131 121 113 103 097 089 084 080 077 076 075 078 080 085 092 099 105 
35872 3228.566555500 115 124 134 141 151 159 166 171 175 178 179 179 177 174 169 164 156 148 139 131 121 114 104 096 090 
35873 3228.580443000 084 080 077 075 076 077 081 085 092 098 107 115 124 134 141 151 158 166 171 175 177 179 179 177 175 
35874 3228.594330500 169 164 156 149 139 130 122 113 105 096 090 084 079 078 075 076 078 081 086 091 099 107 114 125 133 
35875 3228.608218000 142 151 158 165 170 175 178 179 179 177 174 169 163 156 148 140 130 121 113 104 096 089 084 079 077 
35876 3228.622105500 076 076 078 080 085 091 099 106 114 124 133 142 151 159 166 171 175 178 179 179 177 175 169 163 157 
35877 3228.635993000 148 140 130 121 114 104 097 089 084 080 078 075 077 078 080 086 091 099 107 114 124 133 142 150 158 
35878 3228.649880500 166 171 175 178 179 179 178 174 169 163 156 148 139 131 122 113 105 096 090 084 079 078 075 076 077 
35879 3228.663768000 081 084 092 098 106 115 124 133 141 151 158 165 171 175 178 179 179 178 174 170 163 156 148 140 131 
35880 3228.677655500 121 114 104 097 090 084 080 078 075 076 077 081 085 090 099 106 115 123 133 141 150 159 165 171 175 
35881 3228.691543000 178 180 179 177 174 169 164 156 149 139 131 121 114 104 097 090 084 080 076 075 076 077 081 085 091 
35882 3228.705430500 098 106 114 123 133 142 150 158 166 170 175 178 179 179 177 174 169 163 156 148 140 130 122 114 104 
35883 3228.719318000 097 089 084 081 077 076 077 077 081 085 092 098 106 115 123 133 141 150 159 165 171 175 177 180 179 
35884 3228.733205500 177 174 169 164 156 148 141 130 122 113 105 096 089 083 080 077 076 077 077 080 086 092 098 107 115 
35885 3228.747093000 124 133 141 150 158 166 171 176 178 179 179 178 175 169 164 156 148 140 130 122 113 104 096 089 084 
35886 3228.760980500 079 078 075 076 077 081 086 091 098 105 115 123 133 141 150 158 166 171 175 178 180 179 178 175 169 
35887 3228.774868000 164 156 149 140 131 122 114 105 097 089 085 081 078 076 076 078 080 085 091 097 107 114 123 133 141 
35888 3228.788755500 150 158 165 171 175 177 180 179 178 174 170 163 157 148 139 131 121 114 104 097 089 084 080 077 077 
35889 3228.802643000 076 078 080 085 091 098 106 114 124 132 141 150 158 166 170 174 178 179 179 177 174 170 163 157 148 
35890 3228.816530500 140 131 121 114 104 097 090 084 081 076 076 077 077 081 086 090 099 105 114 124 132 141 150 159 165 
35891 3228.830418000 171 175 177 179 179 177 174 169 163 156 148 140 130 122 113 104 096 089 084 080 078 075 077 077 082 
35892 3228.844305500 084 091 097 107 115 123 133 141 149 158 165 171 175 177 179 179 177 174 169 163 156 148 139 131 121 
35893 3228.858193000 113 105 098 089 084 080 077 076 077 077 081 084 091 098 105 115 123 133 142 150 158 165 171 175 178 
35894 3228.872080500 179 179 177 174 169 164 156 148 139 131 122 113 104 097 089 085 080 078 076 075 078 080 085 091 098 
35895 3228.885968000 105 115 123 133 142 150 158 166 170 175 177 179 179 178 174 170 164 157 148 141 131 123 113 105 096 
35896 3228.899855500 089 084 080 077 076 076 077 080 086 091 098 106 114 123 132 141 150 158 165 171 175 178 179 179 177 
35897 3228.913743000 175 169 164 156 149 140 131 122 113 105 096 090 084 080 078 075 076 077 080 086 091 097 106 114 123 
35898 3228.927630500 132 141 150 158 166 170 175 178 179 180 177 175 169 164 157 149 140 131 121 114 105 096 089 085 080 
35899 3228.941518000 078 075 075 077 080 086 090 099 105 115 123 132 141 150 159 165 171 175 178 179 180 178 175 170 163 
35900 3228.955405500 157 149 140 132 121 113 105 096 090 085 080 078 076 075 077 081 085 092 097 106 114 124 132 140 150 
35901 3228.969293000 158 165 171 175 178 179 179 177 175 170 164 157 148 140 131 121 114 105 096 089 084 080 078 075 077 
35902 3228.983180500 077 081 086 090 098 106 113 123 132 141 150 158 165 170 175 177 179 179 177 175 169 164 157 148 140 
35903 3228.997068000 132 122 114 105 098 089 084 081 077 076 076 078 080 085 090 097 106 114 123 132 142 150 157 165 170 
35904 3229.010955500 175 178 179 180 178 175 169 165 157 149 139 132 122 114 105 096 090 085 080 077 077 075 078 081 084 
35905 3229.024843000 090 098 106 113 123 133 141 150 158 166 170 175 178 179 179 178 174 170 164 156 149 140 132 122 113 
35906 3229.038730500 105 096 090 084 081 077 076 075 077 080 085 090 097 106 114 123 132 139 151 158 166 170 175 178 179 
35907 3229.052618000 180 177 175 170 164 156 149 140 131 122 114 105 097 089 085 080 078 076 076 078 079 086 090 098 105 
35908 3229.066505500 113 124 132 140 150 157 166 170 175 177 180 179 178 175 169 164 157 149 140 131 122 115 105 097 089 
35909 3229.080393000 085 080 077 077 076 077 080 085 091 097 106 113 123 133 140 150 157 165 171 175 177 179 179 178 175 
35910 3229.094280500 169 164 157 149 141 131 122 114 105 098 089 084 081 078 076 075 078 080 085 091 097 105 114 122 133 
35911 3229.108168000 141 150 158 165 171 175 178 179 179 178 174 170 164 157 149 140 132 122 115 105 096 090 084 080 078 
35912 3229.122055500 076 075 078 080 085 090 097 106 113 123 132 140 150 157 166 171 174 178 179 179 178 175 170 164 157 
35913 3229.135943000 149 141 131 122 116 105 098 089 085 080 077 076 076 077 080 084 091 097 106 114 122 132 140 149 158 
35914 3229.149830500 165 171 174 177 180 179 177 174 170 165 156 149 140 132 122 115 105 097 089 085 080 078 075 077 077 
35915 3229.163718000 080 086 090 098 105 114 122 132 141 149 159 165 170 175 177 180 179 178 174 170 164 157 149 141 131 
35916 3229.177605500 123 114 104 098 089 085 080 076 076 076 078 080 085 090 099 116 126 128 127 126 127 128 128 127 127 
35917 3229.191493000 128 127 128 127 127 128 127 127 127 127 128 127 129 127 127 127 127 128 128 127 128 127 127 128 128 
35918 3229.205380500 127 128 127 128 127 127 127 128 128 128 128 127 128 128 127 128 127 128 127 127 127 127 128 129 127 
35919 3229.219268000 128 126 128 127 128 128 127 128 127 128 127 127 127 127 128 127 127 127 128 129 127 128 127 127 128 
35920 3229.233155500 127 128 127 128 127 128 127 128 128 128 128 127 127 128 128 127 128 127 128 127 127 128 127 127 128 
35921 3229.247043000 127 128 127 127 128 129 127 127 127 127 127 128 127 128 127 128 128 127 128 127 128 128 128 127 127 
35922 3229.260930500 128 127 128 127 128 127 127 128 127 128 127 128 128 126 127 128 128 128 127 128 127 127 127 127 128 
35923 3229.274818000 127 127 128 127 128 127 129 128 128 126 128 127 127 128 128 127 128 127 127 128 127 128 127 128 127 
35924 3229.288705500 127 128 128 128 128 127 127 128 128 128 127 128 127 127 128 128 127 129 127 127 127 127 128 127 127 
35925 3229.302593000 127 127 128 127 128 127 128 127 127 128 127 127 128 128 128 128 127 128 127 127 128 127 128 127 128 
35926 3229.316480500 127 128 127 128 127 128 126 128 127 128 127 128 128 127 127 127 128 127 127 128 127 127 127 127 128 
35927 3229.330368000 127 127 127 127 127 128 128 127 128 127 127 128 127 128 129 128 127 127 128 127 128 128 127 128 127 
35928 3229.344255500 127 128 127 127 128 127 128 127 127 127 128 127 126 128 128 128 128 127 127 128 127 128 127 127 128 
35929 3229.358143000 128 127 128 127 128 128 127 128 127 127 127 127 128 127 128 128 127 128 128 127 128 129 127 128 127 
35930 3229.372030500 128 128 128 127 127 128 127 127 128 127 128 127 128 127 126 127 127 128 127 127 127 128 127 127 128 
35931 3229.385918000 127 128 127 127 127 128 128 128 128 127 127 128 127 127 128 128 127 127 128 128 127 128 127 128 128 
35932 3229.399805500 126 127 127 128 128 127 128 127 127 128 127 127 128 127 128 128 127 128 129 127 128 127 128 127 128 
35933 3229.413693000 127 128 127 128 127 128 128 128 128 127 127 127 128 127 128 128 127 128 126 128 127 128 127 128 128 
35934 3229.427580500 128 127 127 128 129 127 128 127 128 127 128 127 128 127 128 128 127 127 127 128 128 128 126 127 128 
35935 3229.441468000 128 128 127 128 128 127 127 127 128 127 127 127 127 128 128 128 128 127 127 128 128 128 128 127 129 
35936 3229.455355500 128 127 128 127 127 128 127 127 127 127 128 127 127 127 127 128 128 127 128 128 127 128 128 127 127 
35937 3229.469243000 128 128 127 128 127 127 128 128 127 128 128 127 128 127 128 128 127 128 127 128 127 128 128 127 128 
35938 3229.483130500 127 127 127 128 127 128 128 128 127 126 128 128 128 128 127 127 128 127 128 128 127 128 127 128 127 
35939 3229.497018000 127 128 127 127 127 127 128 127 128 127 128 128 127 128 127 128 127 127 128 127 128 127 127 129 127 
35940 3229.510905500 128 127 128 127 128 127 128 127 128 127 127 128 127 127 128 128 127 128 127 128 127 127 127 127 127 
35941 3229.524793000 128 128 127 128 127 128 126 127 128 128 127 128 127 127 127 128 127 127 128 127 127 127 127 128 127 
35942 3229.538680500 128 128 127 127 127 128 127 127 128 127 128 127 128 127 127 128 127 127 127 127 129 127 128 127 127 
35943 3229.552568000 128 127 128 128 127 127 127 128 127 128 128 128 128 126 128 127 128 127 127 127 127 128 127 127 127 
35944 3229.566455500 128 127 128 127 127 128 129 128 127 127 128 127 128 128 127 128 127 128 127 128 128 127 128 127 126 
35945 3229.580343000 127 127 127 128 127 127 128 127 127 128 127 128 128 127 128 127 127 129 127 128 128 127 128 128 127 
35946 3229.594230500 127 127 127 127 127 127 128 127 127 128 126 128 127 128 127 127 128 127 128 127 128 128 127 128 127 
35947 3229.608118000 127 127 128 129 127 127 127 127 128 128 127 128 127 128 127 128 127 128 127 127 128 126 128 128 127 
35948 3229.622005500 128 127 127 128 127 128 128 127 128 127 127 128 127 128 128 128 127 128 127 128 127 128 127 128 127 
35949 3229.635893000 127 128 127 128 128 127 127 127 127 128 127 127 128 127 127 127 128 128 127 127 127 128 127 127 127 
35950 3229.649780500 128 128 127 128 127 127 128 128 127 127 128 127 128 127 128 128 127 128 126 128 127 128 127 128 126 
35951 3229.663668000 128 127 128 127 128 127 127 127 128 127 127 128 128 127 128 128 127 127 128 127 128 127 128 128 127 
35952 3229.677555500 128 127 129 127 127 127 127 128 127 128 127 128 127 128 127 127 128 127 128 127 128 128 128 127 127 
35953 3229.691443000 128 127 128 128 127 128 127 127 128 127 127 127 129 127 128 127 128 127 127 128 127 127 128 127 128 
35954 3229.705330500 127 127 128 127 127 127 128 127 129 127 128 127 127 128 127 128 128 127 127 127 128 128 127 128 128 
35955 3229.719218000 127 127 127 128 128 127 128 127 128 128 127 127 128 127 127 127 127 127 128 129 127 128 127 128 127 
35956 3229.733105500 128 127 128 127 127 128 128 128 128 127 128 127 127 127 128 127 128 127 127 128 127 128 127 128 127 
35957 3229.746993000 128 128 127 128 128 128 128 128 127 127 127 127 128 127 128 127 128 127 127 128 127 128 127 127 128 
35958 3229.760880500 127 128 127 128 127 128 127 128 127 127 128 128 127 127 127 128 128 128 128 127 127 128 127 128 128 
35959 3229.774768000 127 128 127 128 127 127 128 127 128 126 128 127 128 127 128 128 127 128 127 128 128 127 128 127 127 
35960 3229.788655500 128 127 129 128 127 128 127 128 128 128 127 127 128 127 128 127 127 128 127 128 126 128 127 128 128 
35961 3229.802543000 127 128 127 128 128 127 127 128 127 128 127 128 128 128 128 127 127 128 127 128 127 128 127 128 127 
35962 3229.816430500 127 128 128 128 127 127 127 127 128 127 128 127 127 127 128 127 128 127 127 128 127 128 127 127 128 
35963 3229.830318000 127 127 128 127 128 127 127 127 128 127 127 127 127 128 127 127 127 127 128 128 127 128 127 128 127 
35964 3229.844205500 127 128 127 127 128 127 128 127 128 128 128 127 127 128 127 128 128 128 127 127 127 128 127 127 128 
35965 3229.858093000 127 128 127 127 128 127 128 127 128 127 128 127 128 127 127 128 127 128 127 127 128 128 127 128 127 
35966 3229.871980500 128 127 128 127 127 128 127 127 128 127 128 127 127 128 126 127 128 128 127 128 127 128 127 127 128 
35967 3229.885868000 127 128 127 127 127 127 128 128 128 127 127 128 127 128 128 127 128 127 128 127 128 127 127 127 128 
35968 3229.899755500 127 128 127 128 127 127 127 128 127 127 127 128 127 127 128 128 127 128 128 127 128 127 128 128 127 
35969 3229.913643000 127 128 127 128 128 127 128 127 128 127 127 126 127 128 128 127 128 127 128 128 127 127 127 128 127 
35970 3229.927530500 128 128 127 128 128 128 128 127 128 127 128 128 127 128 128 127 127 128 128 127 128 127 127 127 127 
35971 3229.941418000 128 127 128 127 127 128 127 128 127 128 127 127 127 127 127 128 128 128 127 128 128 127 128 127 128 
35972 3229.955305500 128 127 127 128 128 127 128 127 127 128 127 128 128 127 128 127 127 128 127 127 128 127 128 128 127 
35973 3229.969193000 128 128 127 127 127 127 128 128 127 128 127 128 128 127 128 127 128 128 127 127 127 127 128 127 127 
35974 3229.983080500 127 128 127 128 127 127 128 127 127 127 127 128 128 128 128 128 127 128 127 127 128 128 127 128 127 
35975 3229.996968000 128 127 128 127 127 126 127 128 127 127 128 127 127 127 126 128 127 128 128 127 127 128 128 128 128 
35976 3230.010855500 127 128 127 127 128 127 127 127 128 127 128 127 127 128 127 128 126 127 128 127 128 128 126 128 127 
35977 3230.024743000 127 128 127 128 127 128 127 127 127 129 127 127 128 127 128 128 127 128 128 127 128 128 127 128 127 
35978 3230.038630500 128 127 127 127 127 128 127 128 127 127 128 127 128 128 127 128 127 127 127 128 127 128 127 128 127 
35979 3230.052518000 127 128 127 127 128 127 127 128 127 128 127 128 128 126 128 127 128 127 127 128 127 127 126 127 128 
35980 3230.066405500 127 128 127 127 128 127 129 127 128 127 128 128 127 128 127 128 127 127 128 128 127 128 127 127 127 
35981 3230.080293000 128 127 128 127 128 127 128 127 127 127 127 128 127 127 128 127 128 129 127 127 128 127 128 127 128 
35982 3230.094180500 127 128 128 127 127 127 128 129 127 128 126 128 127 127 128 127 127 128 127 127 127 127 127 127 128 
35983 3230.108068000 127 127 128 128 128 127 128 127 128 128 127 128 128 127 127 127 128 128 127 128 127 126 128 127 128 
35984 3230.121955500 128 127 128 127 128 126 128 128 127 128 127 128 127 127 128 127 127 127 128 127 127 128 127 128 128 
35985 3230.135843000 127 127 128 127 128 128 127 127 128 127 128 127 128 128 127 128 127 127 128 128 127 128 128 128 128 
35986 3230.149730500 128 128 127 127 128 127 127 127 128 128 127 128 127 127 128 127 128 128 126 127 127 128 128 127 127 
35987 3230.163618000 127 128 126 128 128 127 128 128 128 127 128 128 128 128 127 128 127 127 127 128 128 128 128 127 128 
35988 3230.177505500 127 127 128 128 126 128 127 128 127 128 127 128 127 127 127 127 128 128 127 127 127 127 129 127 128 
35989 3230.191393000 128 127 128 127 127 128 127 128 128 127 128 127 128 127 128 127 128 127 127 128 127 128 127 128 127 
35990 3230.205280500 127 128 127 128 128 128 128 128 128 128 128 127 127 127 127 128 127 128 127 127 127 127 128 128 128 
35991 3230.219168000 127 127 128 127 127 128 128 128 128 127 128 128 127 128 127 128 127 128 127 129 127 128 127 128 127 
35992 3230.233055500 127 128 127 128 127 128 128 127 128 127 128 127 126 128 127 128 128 127 127 128 127 127 128 127 128 
35993 3230.246943000 127 127 128 127 128 128 127 127 128 127 127 128 127 127 128 127 128 127 128 127 127 128 127 128 128 
35994 3230.260830500 127 128 127 127 127 127 127 128 127 128 127 128 127 128 127 128 128 127 128 128 127 128 127 127 127 
35995 3230.274718000 127 128 127 127 128 127 128 127 128 128 127 128 128 127 128 128 127 128 126 127 128 127 127 127 127 
35996 3230.288605500 127 127 129 127 128 127 127 128 127 127 127 128 127 127 127 128 127 128 127 127 127 127 128 127 128 
35997 3230.302493000 128 127 128 127 128 127 128 127 127 127 127 127 128 127 128 128 127 128 127 127 127 127 128 128 128 
35998 3230.316380500 127 128 128 127 128 127 127 127 128 127 128 127 126 127 127 127 127 128 127 128 127 128 128 127 127 
35999 3230.330268000 127 127 128 127 128 128 127 128 127 127 128 127 128 127 128 127 128 127 127 127 128 127 128 127 128 
36000 3230.344155500 128 127 127 127 127 128 127 127 127 129 127 127 128 127 127 128 127 127 127 128 127 127 128 127 128 
36001 3230.358043000 127 127 128 127 127 127 127 127 127 128 127 128 127 128 127 128 127 128 128 127 127 128 127 127 128 
36002 3230.371930500 127 128 128 127 128 127 128 128 127 127 128 127 128 127 128 127 128 127 127 128 127 128 127 128 128 
36003 3230.385818000 127 128 127 128 128 127 128 128 127 127 128 127 128 127 127 128 127 127 128 127 127 127 127 127 127 
36004 3230.399705500 128 127 128 128 127 128 127 128 128 127 128 127 128 127 128 127 128 128 128 127 128 127 127 128 127 
36005 3230.413593000 128 127 127 128 128 127 128 127 128 127 127 128 127 128 127 128 128 127 128 127 128 127 128 127 128 
36006 3230.427480500 127 128 127 128 128 127 128 127 128 127 127 128 127 128 127 128 128 127 128 127 127 127 127 128 127 
36007 3230.441368000 128 127 128 127 127 127 127 127 128 127 128 127 127 128 127 128 127 128 127 127 128 127 127 128 127 
36008 3230.455255500 128 127 128 127 127 128 127 128 127 128 127 128 128 127 128 127 127 128 127 128 127 128 128 127 127 
36009 3230.469143000 128 127 127 128 127 128 127 128 127 127 128 127 127 128 127 128 127 128 127 127 128 127 128 128 127 
36010 3230.483030500 128 128 127 128 128 127 128 127 128 127 127 128 128 127 128 127 128 127 128 128 127 128 127 128 128 
36011 3230.496918000 127 127 127 127 127 127 127 127 128 127 128 127 127 127 128 128 127 128 127 128 127 127 128 127 128 
36012 3230.510805500 127 128 127 128 128 127 128 127 128 127 127 128 127 127 128 127 128 127 127 127 128 127 127 127 127 
36013 3230.524693000 127 127 128 127 128 127 128 127 128 127 127 128 127 128 127 128 127 127 127 127 128 127 128 127 127 
36014 3230.538580500 128 127 127 128 127 128 127 128 127 128 127 127 128 127 128 127 128 127 127 128 127 128 128 127 128 
36015 3230.552468000 128 128 127 127 128 127 128 127 128 127 127 128 127 128 127 128 127 128 128 127 127 128 127 127 128 
36016 3230.566355500 127 128 127 127 127 127 128 127 128 127 127 128 128 128 128 127 127 128 127 127 127 128 127 128 128 
36017 3230.580243000 127 128 127 128 127 127 128 127 128 127 127 128 127 128 127 128 127 127 128 127 127 127 127 128 127 
36018 3230.594130500 127 127 128 127 127 127 128 128 127 128 128 127 128 127 128 128 127 128 127 128 128 126 128 128 127 
36019 3230.608018000 128 127 127 127 128 127 127 128 127 128 127 128 127 128 128 127 128 127 128 127 127 128 127 128 127 
36020 3230.621905500 128 127 128 127 127 128 128 128 127 127 128 127 128 127 128 127 127 128 128 127 128 127 128 127 128 
36021 3230.635793000 127 128 127 127 128 127 127 127 127 128 127 128 127 128 127 128 127 128 128 127 128 127 127 128 127 
36022 3230.649680500 128 128 128 128 128 127 128 127 128 127 128 127 127 128 127 128 128 127 127 128 127 128 127 128 127 
36023 3230.663568000 127 128 127 128 127 127 127 127 128 127 128 128 127 128 127 127 128 127 128 127 128 127 128 127 128 
36024 3230.677455500 128 127 127 127 127 128 128 127 128 127 128 127 128 128 128 127 127 128 126 128 127 128 127 128 127 
36025 3230.691343000 127 127 127 128 127 127 128 127 128 127 128 127 127 127 127 126 128 128 127 128 127 127 128 127 128 
36026 3230.705230500 128 127 127 127 128 127 127 128 127 128 127 127 128 128 127 128 127 127 128 128 127 127 128 127 128 
36027 3230.719118000 127 127 127 128 127 128 127 128 127 127 128 127 128 127 128 127 128 127 127 128 128 127 128 127 127 
36028 3230.733005500 128 128 128 127 127 128 128 128 127 128 128 127 127 128 128 127 127 128 127 127 128 127 128 128 127 
36029 3230.746893000 127 127 127 128 127 127 128 127 128 127 128 127 127 128 127 128 128 127 128 127 128 127 128 127 128 
36030 3230.760780500 128 127 128 127 128 127 128 127 128 127 128 127 128 127 127 128 127 128 127 127 127 127 128 128 128 
36031 3230.774668000 127 127 128 127 127 128 129 127 128 127 128 127 127 128 127 128 127 128 128 127 128 127 127 128 127 
36032 3230.788555500 128 128 127 128 127 127 128 127 128 127 128 128 127 128 127 127 128 127 127 128 127 127 127 127 128 
36033 3230.802443000 127 126 128 127 127 128 127 128 128 127 127 128 127 128 127 128 127 128 127 128 127 128 127 127 128 
36034 3230.816330500 127 128 127 127 128 127 128 128 127 127 127 127 127 128 128 127 128 127 128 127 127 127 127 127 128 
36035 3230.830218000 127 127 127 127 127 127 128 127 128 127 127 128 127 128 127 128 127 128 127 127 128 127 127 128 127 
36036 3230.844105500 127 127 128 127 128 127 127 127 128 128 127 128 128 127 127 128 127 128 128 127 127 128 127 128 127 
36037 3230.857993000 128 127 127 127 128 127 127 128 127 128 127 128 127 128 127 128 127 128 127 128 128 127 128 128 127 
36038 3230.871880500 128 127 128 128 128 127 128 127 128 127 128 127 128 127 128 127 128 127 128 127 127 128 127 128 127 
36039 3230.885768000 127 127 127 127 128 127 127 128 127 128 127 128 127 128 127 128 127 128 128 127 128 127 127 127 127 
36040 3230.899655500 128 127 127 128 127 127 128 128 127 127 128 127 127 128 128 128 127 128 128 127 128 127 127 128 127 
36041 3230.913543000 127 128 127 128 127 127 128 127 127 127 127 126 128 127 128 128 128 128 127 128 127 127 128 127 127 
36042 3230.927430500 127 128 128 127 128 127 127 127 128 127 128 127 128 127 128 127 128 128 127 127 128 127 128 127 128 
36043 3230.941318000 127 128 127 127 127 127 128 127 128 127 127 127 127 127 127 128 128 127 128 128 127 128 127 127 128 
36044 3230.955205500 127 128 128 127 128 127 129 127 128 127 128 128 127 127 128 127 128 127 127 128 127 128 128 127 127 
36045 3230.969093000 127 127 128 127 128 128 127 127 127 128 127 128 127 128 127 127 128 128 119 110 104 096 093 089 087 
36046 3230.982980500 089 090 094 098 105 112 120 127 137 145 154 162 168 175 179 183 184 185 183 181 176 171 164 156 148 
36047 3230.996868000 138 129 120 111 103 095 090 084 081 078 079 078 082 085 091 096 104 112 121 130 139 147 156 163 169 
36048 3231.010755500 174 179 180 180 179 177 172 167 161 152 144 136 126 117 109 099 094 086 082 079 076 077 076 079 084 
36049 3231.024643000 088 095 103 111 119 129 138 147 155 163 168 174 177 179 179 179 176 172 166 160 152 144 135 126 116 
36050 3231.038530500 108 100 092 087 082 077 077 075 077 080 082 088 096 102 111 119 129 137 147 155 162 168 173 177 179 
36051 3231.052418000 179 179 176 172 166 160 153 143 136 126 118 108 100 092 087 082 078 077 075 077 079 083 088 094 103 
36052 3231.066305500 110 120 128 137 147 155 162 168 174 176 179 179 179 176 172 166 160 153 143 135 126 116 108 100 092 
36053 3231.080193000 088 081 079 076 076 077 079 082 089 095 102 110 120 128 138 147 155 162 169 173 177 179 179 179 176 
36054 3231.094080500 172 166 159 153 144 135 126 117 108 099 093 086 083 077 077 075 077 078 084 088 094 102 110 120 128 
36055 3231.107968000 137 147 155 163 168 173 177 179 180 178 176 172 166 160 152 144 135 126 117 109 099 093 087 082 078 
36056 3231.121855500 076 076 076 079 083 088 095 103 110 120 128 138 146 155 162 167 173 177 179 180 179 176 171 166 160 
36057 3231.135743000 152 145 135 127 117 109 100 093 087 081 079 076 075 077 078 083 089 094 103 111 119 128 138 146 155 
36058 3231.149630500 162 168 173 177 178 180 178 176 172 166 160 152 144 135 127 117 108 100 092 087 082 078 076 076 076 
36059 3231.163518000 079 083 088 095 101 111 119 129 137 147 155 162 168 173 177 179 179 178 176 172 166 160 152 144 135 
36060 3231.177405500 126 118 108 099 094 086 082 079 076 075 077 078 083 089 094 103 110 119 128 137 147 155 162 168 173 
36061 3231.191293000 177 179 180 178 176 172 167 160 153 144 136 126 117 108 099 093 086 082 078 077 076 076 080 082 089 
36062 3231.205180500 095 102 111 119 128 137 146 155 161 169 173 177 179 179 179 175 172 166 159 153 144 136 127 117 109 
36063 3231.219068000 099 094 087 082 078 075 076 076 079 082 088 095 102 111 119 128 137 146 155 162 168 173 176 179 180 
36064 3231.232955500 178 176 172 166 159 153 144 136 126 117 108 100 092 087 081 078 077 075 077 078 083 088 095 102 111 
36065 3231.246843000 119 128 137 147 155 162 168 173 176 179 179 178 175 172 166 159 153 144 136 127 116 108 100 092 088 
36066 3231.260730500 081 079 076 076 077 078 083 087 095 102 110 120 128 137 145 155 161 168 173 177 179 179 179 175 172 
36067 3231.274618000 167 160 153 144 136 127 117 108 099 093 087 082 077 077 075 077 079 083 087 095 102 110 119 128 137 
36068 3231.288505500 146 155 162 168 173 177 179 179 179 175 172 166 160 152 144 135 127 117 108 099 093 086 082 078 076 
36069 3231.302393000 076 075 080 082 088 095 101 111 118 128 137 147 154 162 168 173 177 179 180 179 176 172 167 160 153 
36070 3231.316280500 144 136 127 117 109 100 093 088 081 079 076 077 076 079 082 088 095 102 111 119 127 137 146 154 162 
36071 3231.330168000 168 173 176 179 180 178 176 172 166 160 152 144 135 127 117 108 100 093 086 082 079 076 075 076 079 
36072 3231.344055500 083 089 094 102 110 119 128 138 146 155 162 168 173 177 179 180 179 176 172 167 160 152 145 135 127 
36073 3231.357943000 117 108 100 094 087 081 079 075 076 076 079 082 088 094 102 110 119 128 137 146 155 161 167 173 177 
36074 3231.371830500 179 180 179 176 173 167 160 152 145 135 127 117 108 100 093 088 082 079 076 075 077 078 083 089 094 
36075 3231.385718000 102 111 118 127 138 145 155 161 168 174 177 178 179 179 175 172 167 160 153 144 136 127 118 109 099 
36076 3231.399605500 094 087 082 079 076 075 078 078 083 087 095 101 110 118 128 137 146 155 162 167 173 177 178 180 179 
36077 3231.413493000 175 172 167 160 153 144 136 126 117 109 100 092 088 082 079 076 075 077 078 082 089 093 102 109 119 
36078 3231.427380500 127 137 146 154 162 168 173 176 179 179 179 176 172 167 161 153 144 136 128 117 108 102 093 088 082 
36079 3231.441268000 079 076 076 076 079 084 087 095 102 110 119 127 137 145 155 162 167 172 176 179 179 178 176 173 167 
36080 3231.455155500 160 153 144 135 126 117 110 100 094 088 081 079 076 076 077 078 083 088 094 103 110 119 127 136 146 
36081 3231.469043000 154 161 167 173 176 178 179 179 176 172 167 159 153 144 136 127 117 109 100 093 087 081 078 077 075 
36082 3231.482930500 077 079 082 088 094 102 111 118 127 137 146 155 161 168 173 176 179 180 179 176 172 167 160 153 144 
36083 3231.496818000 136 126 118 109 100 094 086 083 079 076 075 077 078 082 088 094 102 110 118 128 136 146 155 161 168 
36084 3231.510705500 173 177 178 180 178 176 172 167 160 153 144 135 128 117 109 100 093 087 083 079 076 076 076 079 083 
36085 3231.524593000 087 094 102 110 119 127 137 146 155 161 168 173 177 178 180 178 176 173 167 160 153 145 135 127 117 
36086 3231.538480500 109 100 093 088 081 079 076 076 076 079 083 088 095 102 110 118 127 137 145 155 161 168 173 176 179 
36087 3231.552368000 180 179 176 173 167 161 153 144 136 127 118 109 100 093 088 081 079 077 075 077 078 083 087 094 101 
36088 3231.566255500 110 118 127 137 145 154 161 168 173 176 178 180 178 177 172 167 161 153 144 136 127 118 110 100 094 
36089 3231.580143000 086 082 079 075 076 077 078 082 089 093 102 110 118 127 136 146 154 161 168 172 176 179 180 178 175 
36090 3231.594030500 172 167 161 153 145 136 127 118 108 100 094 086 082 079 076 076 076 078 083 088 093 102 109 119 128 
36091 3231.607918000 136 145 154 162 168 173 177 179 180 179 176 172 167 160 153 146 136 127 118 108 101 093 087 082 078 
36092 3231.621805500 076 076 076 080 082 088 094 101 109 118 127 136 146 154 161 168 172 177 179 180 179 176 172 168 160 
36093 3231.635693000 153 145 135 128 118 109 101 094 087 083 078 077 075 077 079 082 087 095 101 110 118 127 137 146 154 
36094 3231.649580500 161 168 172 177 179 180 179 175 172 167 161 153 145 137 127 118 110 100 094 087 082 079 076 076 076 
36095 3231.663468000 080 082 088 094 101 110 118 128 137 145 155 161 168 172 176 179 180 179 176 172 167 161 153 145 136 
36096 3231.677355500 127 119 109 102 093 088 082 078 076 075 076 078 083 087 094 101 109 119 127 137 145 154 161 168 172 
36097 3231.691243000 176 179 179 178 177 172 167 161 154 144 136 127 118 109 101 095 087 083 078 076 076 076 078 083 087 
36098 3231.705130500 094 101 110 118 126 136 145 154 162 167 173 176 178 179 179 177 173 167 161 153 144 136 127 118 109 
36099 3231.719018000 101 094 087 083 079 076 076 075 080 081 088 093 102 109 118 127 136 145 155 161 168 173 176 179 179 
36100 3231.732905500 179 176 172 167 160 153 145 136 127 118 109 100 094 087 081 079 076 075 076 078 083 087 093 101 109 
36101 3231.746793000 118 127 136 146 154 161 167 172 176 178 180 178 177 172 167 161 153 145 137 127 119 109 101 093 088 
36102 3231.760680500 082 078 077 075 077 078 083 088 093 102 109 119 128 136 146 155 161 168 172 176 179 179 179 176 173 
36103 3231.774568000 167 161 153 145 136 127 119 109 100 094 088 082 078 077 075 076 079 082 087 094 101 110 119 127 137 
36104 3231.788455500 145 154 161 168 173 176 179 179 179 176 173 167 160 154 145 136 128 118 109 101 093 088 082 079 076 
36105 3231.802343000 075 076 079 083 088 094 102 109 118 127 137 146 153 161 167 173 176 179 179 179 177 172 167 161 153 
36106 3231.816230500 145 137 127 119 110 101 094 087 083 078 077 075 077 078 082 088 093 101 109 119 127 136 145 154 161 
36107 3231.830118000 167 173 176 179 180 178 177 172 168 161 153 145 136 128 118 110 101 094 088 082 079 076 076 076 078 
36108 3231.844005500 083 087 094 101 109 118 127 136 145 153 160 168 172 177 179 179 179 177 173 167 161 153 145 136 128 
36109 3231.857893000 118 110 101 095 087 083 078 076 075 077 078 082 088 094 101 109 119 126 136 145 153 161 167 172 176 
36110 3231.871780500 179 180 179 176 173 167 161 154 145 136 128 119 108 101 093 088 083 078 077 076 076 079 082 088 094 
36111 3231.885668000 100 110 117 127 136 145 154 161 167 172 176 179 179 179 176 173 167 161 153 145 137 127 118 109 101 
36112 3231.899555500 094 088 082 080 076 075 077 078 082 087 094 101 110 117 126 136 145 154 161 167 173 176 178 180 179 
36113 3231.913443000 176 173 167 161 154 145 136 128 118 110 101 095 087 083 079 076 076 076 078 083 087 094 101 109 117 
36114 3231.927330500 127 136 144 153 161 167 172 177 178 179 179 177 172 168 161 153 145 137 128 119 110 101 094 088 082 
36115 3231.941218000 079 076 075 077 077 083 087 094 101 109 118 126 137 145 154 161 167 172 176 179 179 179 176 172 167 
36116 3231.955105500 161 154 145 136 128 118 110 100 095 087 083 079 077 075 077 078 082 087 093 101 108 117 127 136 145 
36117 3231.968993000 154 161 167 172 177 178 180 179 176 172 168 160 154 145 137 129 118 110 101 094 087 083 078 076 076 
36118 3231.982880500 076 079 081 087 095 100 110 118 126 136 145 153 161 167 173 176 178 180 178 177 173 168 161 154 146 
36119 3231.996768000 137 128 118 109 101 093 088 082 079 076 075 077 078 081 088 093 100 110 118 127 135 145 153 160 167 
36120 3232.010655500 172 176 179 180 178 177 172 168 161 153 146 136 128 119 110 101 093 088 083 078 076 076 076 079 082 
36121 3232.024543000 088 093 101 110 118 126 136 144 153 161 167 173 176 179 179 179 177 173 167 161 154 145 137 128 118 
36122 3232.038430500 110 100 095 088 082 079 076 076 076 079 082 087 093 101 109 118 126 137 144 154 161 167 172 176 179 
36123 3232.052318000 179 179 176 173 168 161 154 146 136 128 119 110 101 095 088 082 079 076 075 077 078 083 087 094 100 
36124 3232.066205500 109 118 126 136 145 153 161 167 172 176 178 179 179 176 172 168 161 154 145 137 128 118 110 101 095 
36125 3232.080093000 088 082 078 077 075 077 078 083 087 093 101 109 118 126 136 145 153 160 167 172 176 179 179 178 177 
36126 3232.093980500 172 168 161 154 145 137 128 119 110 101 095 088 083 080 076 075 077 079 081 087 094 100 110 117 126 
36127 3232.107868000 136 144 154 160 167 172 176 178 180 179 176 172 168 161 154 145 137 128 119 109 101 095 087 083 078 
36128 3232.121755500 077 075 077 078 082 088 093 101 108 118 126 136 145 154 161 167 172 175 179 179 179 176 173 167 161 
36129 3232.135643000 154 146 138 127 119 110 101 095 087 083 078 076 076 076 079 082 087 094 101 108 118 126 136 145 154 
36130 3232.149530500 161 167 172 176 179 179 179 176 173 168 161 154 146 137 128 118 110 101 095 087 083 079 077 076 076 
36131 3232.163418000 078 082 087 094 100 109 117 126 136 145 154 161 168 172 176 179 180 179 177 173 167 161 154 146 137 
36132 3232.177305500 128 120 109 102 094 088 082 079 076 075 076 079 081 088 093 100 110 117 127 136 145 154 160 167 172 
36133 3232.191193000 175 178 179 179 177 172 168 161 154 146 136 129 119 110 100 094 088 083 079 076 076 076 078 083 087 
36134 3232.205080500 094 100 108 118 126 135 144 153 161 167 173 176 178 180 179 176 173 167 162 154 146 137 128 119 110 
36135 3232.218968000 102 094 088 082 080 076 076 076 079 081 087 094 100 108 117 126 136 144 153 161 167 171 176 178 180 
36136 3232.232855500 179 176 173 167 161 155 146 137 128 120 110 101 094 089 083 079 077 075 077 079 082 088 093 101 108 
36137 3232.246743000 117 126 136 144 153 160 167 172 175 178 180 179 176 173 167 162 153 145 138 127 119 109 102 094 088 
36138 3232.260630500 083 078 077 076 076 078 081 087 093 101 109 117 127 135 145 153 161 167 172 176 179 180 179 176 173 
36139 3232.274518000 167 162 154 146 138 128 119 109 101 094 088 083 078 076 076 076 078 081 087 094 100 109 117 126 135 
36140 3232.288405500 144 153 160 167 172 176 178 179 179 177 173 168 161 154 147 137 129 119 111 101 094 088 083 080 076 
36141 3232.302293000 076 076 078 082 087 093 100 109 118 126 136 144 153 161 166 172 176 178 180 179 177 173 168 161 154 
36142 3232.316180500 146 137 129 119 111 101 094 088 083 079 076 076 076 078 081 087 093 101 108 117 126 136 145 153 160 
36143 3232.330068000 167 172 176 179 180 179 176 173 168 161 154 146 137 129 119 109 101 094 088 083 079 076 075 077 078 
36144 3232.343955500 082 087 093 101 108 117 127 135 145 153 160 167 172 177 178 180 178 177 173 168 161 154 146 137 128 
36145 3232.357843000 119 110 102 094 088 083 079 077 075 076 078 082 087 093 100 109 118 125 136 144 153 160 166 172 175 
36146 3232.371730500 178 179 179 177 173 168 161 155 145 137 128 119 111 101 095 088 083 080 076 076 076 078 081 087 094 
36147 3232.385618000 100 109 117 127 135 144 153 161 166 172 176 178 179 178 177 173 168 161 154 146 137 128 119 109 102 
36148 3232.399505500 094 089 082 079 077 075 077 078 082 087 093 100 109 118 126 136 144 153 161 167 172 176 179 179 179 
36149 3232.413393000 177 173 168 161 154 146 137 128 119 110 101 095 088 084 079 077 076 075 078 081 086 094 099 109 117 
36150 3232.427280500 125 136 144 154 160 166 172 176 179 179 179 177 173 168 161 155 146 137 129 119 111 101 095 089 082 
36151 3232.441168000 079 078 075 077 079 082 087 093 100 109 116 126 135 144 154 160 167 171 176 179 179 178 177 174 168 
36152 3232.455055500 162 154 147 137 128 120 110 102 094 089 083 079 076 075 077 078 082 087 092 101 108 117 126 135 145 
36153 3232.468943000 153 160 167 171 176 179 179 179 177 174 168 161 155 146 137 129 119 111 101 095 088 082 080 076 076 
36154 3232.482830500 076 079 081 087 093 100 108 117 126 135 144 154 159 167 172 176 179 179 179 177 174 168 162 154 147 
36155 3232.496718000 137 129 119 110 102 094 089 083 079 077 076 075 079 080 088 093 100 108 117 126 136 144 153 159 167 
36156 3232.510605500 172 175 178 180 178 177 173 168 161 154 146 137 128 119 110 101 094 089 082 079 090 105 113 114 115 
36157 3232.524493000 117 117 118 119 121 120 121 122 123 123 123 124 124 125 124 125 125 125 126 126 126 127 126 127 127 
36158 3232.538380500 126 126 126 127 127 127 127 127 127 127 127 127 127 127 127 128 127 128 127 128 128 127 128 127 128 
36159 3232.552268000 128 127 128 127 128 127 127 127 127 127 127 128 126 127 128 127 128 128 127 127 128 127 128 127 128 
36160 3232.566155500 127 128 127 128 128 128 128 128 127 128 127 127 128 127 127 128 127 127 128 127 128 128 127 127 129 
36161 3232.580043000 127 128 127 128 128 127 128 127 128 127 128 128 127 128 127 127 129 127 128 127 127 128 127 127 127 
36162 3232.593930500 128 127 127 128 127 128 127 128 127 127 127 128 127 128 128 127 128 128 127 128 128 127 128 127 127 
36163 3232.607818000 127 128 128 128 128 127 127 127 127 128 127 127 127 127 128 127 128 128 127 127 126 128 127 128 127 
36164 3232.621705500 127 128 127 128 127 128 127 128 127 128 128 127 128 129 128 128 127 127 128 127 128 127 128 127 128 
36165 3232.635593000 127 128 127 127 127 128 126 127 128 127 128 127 127 128 128 128 127 128 127 128 127 128 128 127 129 
36166 3232.649480500 128 127 128 127 127 128 127 128 127 128 128 128 127 128 127 127 128 126 128 127 128 127 128 127 128 
36167 3232.663368000 128 127 128 127 128 127 128 127 128 127 128 128 127 128 127 128 128 127 128 127 128 127 128 127 127 
36168 3232.677255500 128 127 127 126 127 127 128 128 127 127 128 127 128 127 128 127 127 128 127 127 127 128 128 128 127 
36169 3232.691143000 128 127 128 127 127 127 128 127 128 127 127 129 127 128 127 127 128 127 127 127 128 127 127 128 127 
36170 3232.705030500 127 128 127 128 128 127 127 128 127 128 127 127 127 127 128 127 128 128 127 127 128 128 128 127 128 
36171 3232.718918000 127 127 128 128 128 127 127 127 128 127 127 127 128 128 127 128 127 128 129 127 128 127 128 127 128 
36172 3232.732805500 127 127 128 127 128 128 127 127 128 127 127 127 127 127 128 127 127 128 127 128 127 127 128 127 128 
36173 3232.746693000 127 128 127 128 129 127 128 127 127 128 128 127 127 128 127 128 128 127 128 127 128 127 127 127 128 
36174 3232.760580500 127 128 127 128 127 127 127 128 127 127 128 127 127 128 127 129 128 127 127 128 128 127 128 127 128 
36175 3232.774468000 128 127 128 127 128 128 127 128 127 127 128 127 128 127 128 127 128 127 127 127 127 127 128 127 127 
36176 3232.788355500 128 128 127 128 127 128 127 128 127 127 127 127 127 127 128 127 128 127 127 127 127 128 127 128 127 
36177 3232.802243000 127 128 127 128 127 127 128 127 128 127 127 128 128 128 127 127 127 128 127 127 128 127 127 128 127 
36178 3232.816130500 128 127 128 127 127 127 127 128 127 127 127 128 127 128 127 128 128 127 128 127 126 129 127 129 127 
36179 3232.830018000 128 127 127 127 127 128 127 128 127 127 128 127 127 128 128 127 127 128 127 128 127 128 127 127 128 
36180 3232.843905500 127 128 127 127 127 127 127 127 127 128 127 128 127 127 127 128 128 127 127 128 127 128 127 127 128 
36181 3232.857793000 127 128 126 128 127 127 128 127 127 127 128 127 128 127 128 127 127 128 127 127 128 127 127 128 127 
36182 3232.871680500 127 128 127 128 127 127 128 127 128 127 128 128 128 127 128 128 127 128 127 128 127 128 127 128 127 
36183 3232.885568000 127 128 127 128 127 128 128 127 128 127 128 127 128 128 127 128 127 127 127 127 127 127 128 127 127 
36184 3232.899455500 127 128 127 127 128 127 127 127 128 127 127 127 128 127 128 127 127 129 127 128 127 128 128 128 128 
36185 3232.913343000 127 128 127 128 127 128 128 127 127 127 126 127 127 127 128 127 127 127 127 127 128 127 128 127 128 
36186 3232.927230500 127 127 128 128 127 127 128 127 128 127 128 127 127 128 128 127 127 128 127 127 128 126 128 127 128 
36187 3232.941118000 127 127 128 127 128 127 127 127 128 127 128 128 127 128 127 128 127 128 128 128 127 127 127 128 127 
36188 3232.955005500 128 127 127 127 127 128 127 127 128 128 127 128 127 128 127 128 127 128 127 127 128 127 127 128 126 
36189 3232.968893000 129 127 127 127 127 128 127 128 127 128 127 127 128 127 127 127 127 128 126 127 128 127 128 127 127 
36190 3232.982780500 127 128 127 128 127 128 127 128 127 127 128 128 128 127 128 127 128 128 127 128 127 127 127 128 127 
36191 3232.996668000 128 127 128 127 126 128 127 128 127 127 127 127 128 127 128 128 127 127 128 127 128 128 128 128 127 
36192 3233.010555500 127 127 128 127 127 128 128 128 127 127 128 127 128 128 127 128 127 127 128 127 128 128 127 127 128 
36193 3233.024443000 127 128 127 128 127 127 128 127 129 127 127 127 128 127 128 128 127 128 128 127 128 128 127 128 127 
36194 3233.038330500 127 127 127 127 128 127 128 127 127 128 127 128 127 128 127 128 127 128 127 128 127 128 127 127 128 
36195 3233.052218000 127 127 128 127 128 127 127 128 128 128 128 127 126 127 128 127 127 127 127 128 127 127 128 127 127 
36196 3233.066105500 128 127 127 127 128 128 127 127 127 127 127 128 127 127 128 127 128 128 127 127 128 127 128 126 128 
36197 3233.079993000 128 127 128 128 128 127 127 127 127 128 128 127 128 127 128 127 128 128 127 127 128 127 127 128 127 
36198 3233.093880500 128 127 127 128 127 128 128 128 127 127 128 128 127 128 127 127 128 127 128 127 127 127 127 127 126 
36199 3233.107768000 128 127 128 128 127 128 127 128 127 127 128 127 128 127 127 127 127 128 127 127 127 127 128 127 127 
36200 3233.121655500 127 128 127 127 128 127 127 127 127 127 127 128 127 129 128 127 127 127 128 127 128 128 127 128 127 
36201 3233.135543000 128 127 128 127 128 127 126 128 127 127 128 128 127 127 127 127 128 127 128 127 127 127 127 127 128 
36202 3233.149430500 128 127 127 128 127 128 128 127 128 127 128 127 128 127 127 128 127 127 127 127 128 127 128 127 128 
36203 3233.163318000 127 127 128 127 127 127 128 128 127 129 128 127 128 127 128 127 127 127 127 127 128 127 128 127 128 
36204 3233.177205500 127 128 127 128 128 127 127 127 127 127 128 127 127 128 127 128 127 127 127 128 127 128 128 127 128 
36205 3233.191093000 127 128 127 128 127 128 128 127 128 127 128 127 128 127 126 128 127 128 127 127 128 127 127 127 127 
36206 3233.204980500 128 127 127 128 127 127 128 128 128 127 128 127 127 128 127 128 128 127 128 127 128 128 127 128 127 
36207 3233.218868000 127 128 127 128 128 127 128 127 128 126 128 127 127 128 127 128 127 127 128 127 127 128 127 128 127 
36208 3233.232755500 128 128 128 127 127 128 127 127 128 128 127 127 128 127 128 127 128 128 127 128 127 128 127 128 127 
36209 3233.246643000 128 127 128 127 129 127 127 128 127 128 127 128 127 128 127 127 128 127 127 128 127 127 127 127 127 
36210 3233.260530500 128 127 128 127 128 128 127 128 127 128 127 128 127 127 128 128 128 128 127 128 127 127 128 127 128 
36211 3233.274418000 127 127 128 128 127 128 127 127 127 127 127 128 128 127 128 127 128 127 127 128 127 127 127 127 127 
36212 3233.288305500 127 128 128 127 128 128 127 128 127 127 128 127 128 127 128 128 127 128 128 127 128 127 128 127 127 
36213 3233.302193000 127 127 128 127 127 128 127 127 127 127 127 128 127 128 127 128 128 128 127 128 128 127 128 127 127 
36214 3233.316080500 128 127 128 127 127 128 127 127 128 127 128 127 128 127 128 127 127 128 127 128 127 128 127 128 128 
36215 3233.329968000 127 128 127 128 127 127 128 128 128 127 128 127 128 127 128 127 128 128 127 128 128 127 128 127 127 
36216 3233.343855500 128 127 128 127 128 127 127 128 128 129 127 128 127 127 128 127 127 128 127 127 128 127 127 127 128 
36217 3233.357743000 127 128 127 127 128 128 127 128 127 127 128 127 128 127 127 128 127 128 127 127 129 127 128 127 127 
